418
418
415
415
415
415
415
434
434
434
434
434
434
426
426
426
426
426
414
414
414
414
414
428
428
428
428
428
428
417
417
417
417
417
402
402
402
402
402
411
411
411
411
411
411
413
413
413
413
413
399
399
399
399
399
417
417
417
417
417
417
412
412
412
412
412
411
411
411
411
411
412
412
412
412
412
412
403
403
403
403
403
415
415
415
415
415
426
426
426
426
426
426
422
422
422
422
422
412
412
412
412
412
421
421
421
421
421
421
433
433
433
433
433
428
428
428
428
428
435
435
435
435
435
435
406
406
406
406
406
403
403
403
403
403
400
400
400
400
400
400
400
400
400
400
400
414
414
414
414
414
433
433
433
433
433
433
410
410
410
410
410
421
421
421
421
421
419
419
419
419
419
419
423
423
423
423
423
422
422
422
422
422
380
380
380
380
380
380
408
408
408
408
408
384
384
384
384
384
410
410
410
410
410
410
389
389
389
389
389
395
395
395
395
395
403
403
403
403
403
403
421
421
421
421
421
388
388
388
388
388
384
384
384
384
384
384
394
394
394
394
394
406
406
406
406
406
398
398
398
398
398
398
399
399
399
399
399
407
407
407
407
407
420
420
420
420
420
420
398
398
398
398
398
382
382
382
382
382
399
399
399
399
399
399
393
393
393
393
393
391
391
391
391
391
402
402
402
402
402
402
387
387
387
387
387
408
408
408
408
408
388
388
388
388
388
388
389
389
389
389
389
400
400
400
400
400
396
396
396
396
396
396
400
400
400
400
400
394
394
394
394
394
379
379
379
379
379
379
369
369
369
369
369
383
383
383
383
383
403
403
403
403
403
403
399
399
399
399
399
404
404
404
404
404
411
411
411
411
411
411
414
414
414
414
414
394
394
394
394
394
396
396
396
396
396
396
392
392
392
392
392
392
392
392
392
392
389
389
389
389
389
389
393
393
393
393
393
394
394
394
394
394
406
406
406
406
406
406
387
387
387
387
387
382
382
382
382
382
413
413
413
413
413
413
414
414
414
414
414
397
397
397
397
397
401
401
401
401
401
401
396
396
396
396
396
407
407
407
407
407
410
410
410
410
410
410
396
396
396
396
396
390
390
390
390
390
424
424
424
424
424
424
394
394
394
394
394
411
411
411
411
411
407
407
407
407
407
407
405
405
405
405
405
411
411
411
411
411
412
412
412
412
412
412
396
396
396
396
396
420
420
420
420
420
405
405
405
405
405
405
403
403
403
403
403
392
392
392
392
392
437
437
437
437
437
437
417
417
417
417
417
397
397
397
397
397
420
420
420
420
420
420
428
428
428
428
428
431
431
431
431
431
419
419
419
419
419
419
426
426
426
426
426
425
425
425
425
425
436
436
436
436
436
436
437
437
437
437
437
427
427
427
427
427
428
428
428
428
428
428
442
442
442
442
442
432
432
432
432
432
430
430
430
430
430
430
429
429
429
429
429
414
414
414
414
414
417
417
417
417
417
417
433
433
433
433
433
458
458
458
458
458
438
438
438
438
438
438
443
443
443
443
443
458
458
458
458
458
429
429
429
429
429
429
464
464
464
464
464
462
462
462
462
462
428
428
428
428
428
428
458
458
458
458
458
444
444
444
444
444
461
461
461
461
461
461
450
450
450
450
450
434
434
434
434
434
415
415
415
415
415
415
421
421
421
421
421
396
396
396
396
396
386
386
386
386
386
386
394
394
394
394
394
393
393
393
393
393
378
378
378
378
378
378
397
397
397
397
397
411
411
411
411
411
418
418
418
418
418
418
430
430
430
430
430
424
424
424
424
424
419
419
419
419
419
419
394
394
394
394
394
391
391
391
391
391
417
417
417
417
417
417
391
391
391
391
391
377
377
377
377
377
373
373
373
373
373
373
357
357
357
357
357
357
357
357
357
357
355
355
355
355
355
355
348
348
348
348
352
352
352
352
352
358
358
358
358
358
358
364
364
364
364
364
383
383
383
383
383
392
392
392
392
392
392
388
388
388
388
388
396
396
396
396
396
378
378
378
378
378
378
398
398
398
398
398
393
393
393
393
393
399
399
399
399
399
399
410
410
410
410
410
425
425
425
425
425
416
416
416
416
416
416
427
427
427
427
427
449
449
449
449
449
455
455
455
455
455
455
474
474
474
474
474
476
476
476
476
476
473
473
473
473
473
473
450
450
450
450
450
412
412
412
412
412
417
417
417
417
417
417
400
400
400
400
400
394
394
394
394
394
384
384
384
384
384
384
384
384
384
384
384
373
373
373
373
373
374
374
374
374
374
374
372
372
372
372
372
363
363
363
363
363
375
375
375
375
375
375
392
392
392
392
392
392
392
392
392
392
424
424
424
424
424
424
415
415
415
415
415
423
423
423
423
423
407
407
407
407
407
407
402
402
402
402
402
418
418
418
418
418
407
407
407
407
407
407
394
394
394
394
394
391
391
391
391
391
395
395
395
395
395
395
407
407
407
407
407
417
417
417
417
417
415
415
415
415
415
415
408
408
408
408
408
417
417
417
417
417
389
389
389
389
389
389
380
380
380
380
380
360
360
360
360
360
355
355
355
355
355
355
337
337
337
337
337
340
340
340
340
340
338
338
338
338
338
338
332
332
332
332
332
349
349
349
349
349
370
370
370
370
370
370
392
392
392
392
392
440
440
440
440
440
553
553
553
553
553
553
867
867
867
867
867
1067
1067
1067
1067
1067
1204
1204
1204
1204
1204
1204
1230
1230
1230
1230
1230
1130
1130
1130
1130
1130
1022
1022
1022
1022
1022
1022
727
727
727
727
727
504
504
504
504
504
422
422
422
422
422
422
366
366
366
366
366
374
374
374
374
374
366
366
366
366
366
366
345
345
345
345
345
346
346
346
346
346
332
332
332
332
332
332
330
330
330
330
330
350
350
350
350
350
340
340
340
340
340
340
365
365
365
365
365
393
393
393
393
393
452
452
452
452
452
452
567
567
567
567
567
806
806
806
806
806
1025
1025
1025
1025
1025
1025
1138
1138
1138
1138
1138
1151
1151
1151
1151
1151
1026
1026
1026
1026
1026
1026
901
901
901
901
901
614
614
614
614
614
444
444
444
444
444
444
378
378
378
378
378
338
338
338
338
338
318
318
318
318
318
318
327
327
327
327
327
305
305
305
305
305
294
294
294
294
294
294
304
304
304
304
304
304
304
304
304
304
331
331
331
331
331
331
363
363
363
363
363
459
459
459
459
459
861
861
861
861
861
861
1492
1492
1492
1492
1492
1867
1867
1867
1867
1867
2027
2027
2027
2027
2027
2027
1906
1906
1906
1906
1906
1544
1544
1544
1544
1544
995
995
995
995
995
995
476
476
476
476
476
378
378
378
378
378
313
313
313
313
313
313
317
317
317
317
317
297
297
297
297
297
290
290
290
290
290
290
305
305
305
305
305
311
311
311
311
311
353
353
353
353
353
353
391
391
391
391
391
535
535
535
535
535
888
888
888
888
888
888
1203
1203
1203
1203
1203
1373
1373
1373
1373
1373
1395
1395
1395
1395
1395
1395
1256
1256
1256
1256
1256
1009
1009
1009
1009
1009
731
731
731
731
731
731
489
489
489
489
489
423
423
423
423
423
397
397
397
397
397
397
376
376
376
376
376
378
378
378
378
378
372
372
372
372
372
372
392
392
392
392
392
378
378
378
378
378
407
407
407
407
407
407
406
406
406
406
406
428
428
428
428
428
424
424
424
424
424
424
477
477
477
477
477
478
478
478
478
478
482
482
482
482
482
482
537
537
537
537
537
560
560
560
560
560
622
622
622
622
622
622
605
605
605
605
605
646
646
646
646
646
597
597
597
597
597
597
607
607
607
607
607
537
537
537
537
537
548
548
548
548
548
548
501
501
501
501
501
491
491
491
491
491
452
452
452
452
452
452
450
450
450
450
450
410
410
410
410
410
401
401
401
401
401
401
392
392
392
392
392
403
403
403
403
403
392
392
392
392
392
392
415
415
415
415
415
432
432
432
432
432
461
461
461
461
461
461
474
474
474
474
474
515
515
515
515
515
575
575
575
575
575
575
605
605
605
605
605
681
681
681
681
681
647
647
647
647
647
647
609
609
609
609
609
568
568
568
568
568
502
502
502
502
502
502
446
446
446
446
446
420
420
420
420
420
410
410
410
410
410
410
379
379
379
379
379
400
400
400
400
400
397
397
397
397
397
397
367
367
367
367
367
390
390
390
390
390
418
418
418
418
418
418
420
420
420
420
420
442
442
442
442
442
460
460
460
460
460
460
496
496
496
496
496
519
519
519
519
519
522
522
522
522
522
522
556
556
556
556
556
502
502
502
502
502
489
489
489
489
489
489
471
471
471
471
471
485
485
485
485
485
458
458
458
458
458
458
461
461
461
461
461
416
416
416
416
416
415
415
415
415
415
415
416
416
416
416
416
406
406
406
406
406
416
416
416
416
416
416
421
421
421
421
421
401
401
401
401
401
399
399
399
399
399
399
399
399
399
399
399
403
403
403
403
403
425
425
425
425
425
425
418
418
418
418
418
448
448
448
448
448
454
454
454
454
454
454
452
452
452
452
452
474
474
474
474
474
470
470
470
470
470
470
430
430
430
430
430
400
400
400
400
400
420
420
420
420
420
420
400
400
400
400
400
406
406
406
406
406
399
399
399
399
399
399
384
384
384
384
384
373
373
373
373
373
362
362
362
362
362
362
370
370
370
370
370
378
378
378
378
378
381
381
381
381
381
381
392
392
392
392
392
408
408
408
408
408
432
432
432
432
432
432
460
460
460
460
460
469
469
469
469
469
423
423
423
423
423
423
423
423
423
423
423
405
405
405
405
405
396
396
396
396
396
396
389
389
389
389
389
373
373
373
373
373
356
356
356
356
356
356
362
362
362
362
362
362
362
362
362
362
340
340
340
340
340
340
358
358
358
358
358
353
353
353
353
353
370
370
370
370
370
370
401
401
401
401
401
400
400
400
400
400
457
457
457
457
457
457
481
481
481
481
481
538
538
538
538
538
570
570
570
570
570
570
579
579
579
579
579
543
543
543
543
543
494
494
494
494
494
494
480
480
480
480
480
421
421
421
421
421
407
407
407
407
407
407
387
387
387
387
387
365
365
365
365
365
363
363
363
363
363
363
360
360
360
360
360
356
356
356
356
356
374
374
374
374
374
374
372
372
372
372
372
363
363
363
363
363
366
366
366
366
366
366
405
405
405
405
405
452
452
452
452
452
460
460
460
460
460
460
505
505
505
505
505
522
522
522
522
522
530
530
530
530
530
530
486
486
486
486
486
448
448
448
448
448
421
421
421
421
421
421
400
400
400
400
400
384
384
384
384
384
362
362
362
362
362
362
355
355
355
355
355
353
353
353
353
353
346
346
346
346
346
346
344
344
344
344
344
362
362
362
362
362
366
366
366
366
366
366
380
380
380
380
380
412
412
412
412
412
440
440
440
440
440
440
487
487
487
487
487
500
500
500
500
500
513
513
513
513
513
513
478
478
478
478
478
455
455
455
455
455
438
438
438
438
438
438
408
408
408
408
408
396
396
396
396
396
394
394
394
394
394
394
382
382
382
382
382
375
375
375
375
375
386
386
386
386
386
386
402
402
402
402
402
412
412
412
412
412
404
404
404
404
404
404
429
429
429
429
429
424
424
424
424
424
442
442
442
442
442
442
441
441
441
441
441
432
432
432
432
432
431
431
431
431
431
431
424
424
424
424
424
425
425
425
425
425
434
434
434
434
434
434
450
450
450
450
450
446
446
446
446
446
456
456
456
456
456
456
442
442
442
442
442
430
430
430
430
430
423
423
423
423
423
423
412
412
412
412
412
412
412
412
412
412
403
403
403
403
403
403
386
386
386
386
386
394
394
394
394
400
400
400
400
400
400
408
408
408
408
408
410
410
410
410
410
410
410
410
410
410
410
404
404
404
404
404
433
433
433
433
433
445
445
445
445
445
445
442
442
442
442
442
446
446
446
446
446
455
455
455
455
455
455
444
444
444
444
444
462
462
462
462
462
452
452
452
452
452
452
434
434
434
434
434
427
427
427
427
427
418
418
418
418
418
418
421
421
421
421
421
410
410
410
410
410
414
414
414
414
414
414
401
401
401
401
401
423
423
423
423
423
403
403
403
403
403
403
432
432
432
432
432
412
412
412
412
412
434
434
434
434
434
434
444
444
444
444
444
445
445
445
445
445
435
435
435
435
435
435
443
443
443
443
443
468
468
468
468
468
445
445
445
445
445
445
424
424
424
424
424
424
424
424
424
424
409
409
409
409
409
409
419
419
419
419
419
432
432
432
432
432
419
419
419
419
419
419
422
422
422
422
422
429
429
429
429
429
418
418
418
418
418
418
424
424
424
424
424
429
429
429
429
429
431
431
431
431
431
431
422
422
422
422
422
446
446
446
446
446
429
429
429
429
429
429
443
443
443
443
443
439
439
439
439
439
444
444
444
444
444
444
437
437
437
437
437
437
437
437
437
437
421
421
421
421
421
421
434
434
434
434
434
441
441
441
441
441
430
430
430
430
430
430
457
457
457
457
457
439
439
439
439
439
428
428
428
428
428
428
426
426
426
426
426
447
447
447
447
447
429
429
429
429
429
429
420
420
420
420
420
413
413
413
413
413
428
428
428
428
428
428
412
412
412
412
412
431
431
431
431
431
408
408
408
408
408
408
434
434
434
434
434
437
437
437
437
437
440
440
440
440
440
440
446
446
446
446
446
404
404
404
404
404
428
428
428
428
428
428
427
427
427
427
427
422
422
422
422
422
423
423
423
423
423
423
416
416
416
416
416
430
430
430
430
430
417
417
417
417
417
417
420
420
420
420
420
403
403
403
403
403
414
414
414
414
414
414
422
422
422
422
422
418
418
418
418
418
424
424
424
424
424
424
432
432
432
432
432
422
422
422
422
422
432
432
432
432
432
432
426
426
426
426
426
427
427
427
427
427
410
410
410
410
410
410
424
424
424
424
424
413
413
413
413
413
427
427
427
427
427
427
435
435
435
435
435
411
411
411
411
411
416
416
416
416
416
416
413
413
413
413
413
404
404
404
404
404
407
407
407
407
407
407
421
421
421
421
421
412
412
412
412
412
411
411
411
411
411
411
400
400
400
400
400
416
416
416
416
416
399
399
399
399
399
399
418
418
418
418
418
420
420
420
420
420
398
398
398
398
398
398
414
414
414
414
414
409
409
409
409
409
408
408
408
408
408
408
409
409
409
409
409
413
413
413
413
413
412
412
412
412
412
412
394
394
394
394
394
400
400
400
400
400
396
396
396
396
396
396
392
392
392
392
392
409
409
409
409
409
387
387
387
387
387
387
397
397
397
397
397
396
396
396
396
396
398
398
398
398
398
398
405
405
405
405
405
390
390
390
390
390
403
403
403
403
403
403
399
399
399
399
399
402
402
402
402
402
393
393
393
393
393
393
400
400
400
400
400
403
403
403
403
403
391
391
391
391
391
391
390
390
390
390
390
388
388
388
388
388
394
394
394
394
394
394
392
392
392
392
392
388
388
388
388
388
398
398
398
398
398
398
391
391
391
391
391
407
407
407
407
407
411
411
411
411
411
411
408
408
408
408
408
388
388
388
388
388
407
407
407
407
407
407
405
405
405
405
405
401
401
401
401
401
405
405
405
405
405
405
394
394
394
394
394
408
408
408
408
408
394
394
394
394
394
394
421
421
421
421
421
398
398
398
398
398
411
411
411
411
411
411
427
427
427
427
427
393
393
393
393
393
424
424
424
424
424
424
408
408
408
408
408
404
404
404
404
404
414
414
414
414
414
414
417
417
417
417
417
409
409
409
409
409
403
403
403
403
403
403
390
390
390
390
390
430
430
430
430
430
408
408
408
408
408
408
415
415
415
415
415
439
439
439
439
439
412
412
412
412
412
412
413
413
413
413
413
418
418
418
418
418
410
410
410
410
410
410
442
442
442
442
442
415
415
415
415
415
428
428
428
428
428
428
420
420
420
420
420
450
450
450
450
450
446
446
446
446
446
446
432
432
432
432
432
433
433
433
433
433
457
457
457
457
457
457
441
441
441
441
441
421
421
421
421
421
431
431
431
431
431
431
441
441
441
441
441
472
472
472
472
472
425
425
425
425
425
425
413
413
413
413
413
409
409
409
409
409
416
416
416
416
416
416
410
410
410
410
410
414
414
414
414
414
413
413
413
413
413
413
424
424
424
424
424
431
431
431
431
431
431
431
431
431
431
431
451
451
451
451
451
453
453
453
453
453
478
478
478
478
478
478
444
444
444
444
444
468
468
468
468
468
457
457
457
457
457
457
458
458
458
458
458
455
455
455
455
455
417
417
417
417
417
417
440
440
440
440
440
415
415
415
415
415
428
428
428
428
428
428
416
416
416
416
416
464
464
464
464
464
440
440
440
440
440
440
415
415
415
415
415
446
446
446
446
446
434
434
434
434
434
434
442
442
442
442
442
433
433
433
433
433
435
435
435
435
435
435
447
447
447
447
447
454
454
454
454
454
459
459
459
459
459
459
468
468
468
468
468
445
445
445
445
445
447
447
447
447
447
447
447
447
447
447
447
452
452
452
452
452
464
464
464
464
464
464
473
473
473
473
473
448
448
448
448
448
458
458
458
458
458
458
420
420
420
420
420
418
418
418
418
418
433
433
433
433
433
433
426
426
426
426
426
416
416
416
416
416
421
421
421
421
421
421
422
422
422
422
422
423
423
423
423
423
412
412
412
412
412
412
422
422
422
422
422
440
440
440
440
440
423
423
423
423
423
423
429
429
429
429
429
443
443
443
443
443
418
418
418
418
418
418
456
456
456
456
456
425
425
425
425
425
461
461
461
461
461
461
435
435
435
435
435
434
434
434
434
434
419
419
419
419
419
419
429
429
429
429
429
420
420
420
420
420
413
413
413
413
413
413
415
415
415
415
415
405
405
405
405
405
398
398
398
398
398
398
430
430
430
430
430
426
426
426
426
426
426
426
426
426
426
426
416
416
416
416
416
442
442
442
442
442
428
428
428
428
428
428
432
432
432
432
432
414
414
414
414
414
417
417
417
417
417
417
432
432
432
432
432
410
410
410
410
410
428
428
428
428
428
428
430
430
430
430
430
417
417
417
417
417
407
407
407
407
407
407
411
411
411
411
411
418
418
418
418
418
443
443
443
443
443
443
422
422
422
422
422
421
421
421
421
421
422
422
422
422
422
422
426
426
426
426
426
435
435
435
435
435
433
433
433
433
433
433
441
441
441
441
441
428
428
428
428
428
422
422
422
422
422
422
420
420
420
420
420
429
429
429
429
429
453
453
453
453
453
453
422
422
422
422
422
441
441
441
441
441
449
449
449
449
449
449
436
436
436
436
436
430
430
430
430
430
432
432
432
432
432
432
442
442
442
442
442
417
417
417
417
417
426
426
426
426
426
426
422
422
422
422
422
422
422
422
422
422
429
429
429
429
429
429
423
423
423
423
423
425
425
425
425
425
432
432
432
432
432
432
424
424
424
424
424
443
443
443
443
443
424
424
424
424
424
424
454
454
454
454
454
440
440
440
440
440
426
426
426
426
426
426
416
416
416
416
416
434
434
434
434
434
426
426
426
426
426
426
438
438
438
438
438
442
442
442
442
442
438
438
438
438
438
438
420
420
420
420
420
420
420
420
420
420
421
421
421
421
421
421
414
414
414
414
414
422
422
422
422
422
414
414
414
414
414
414
419
419
419
419
419
401
401
401
401
401
428
428
428
428
428
428
412
412
412
412
412
416
416
416
416
416
407
407
407
407
407
407
429
429
429
429
429
415
415
415
415
415
433
433
433
433
433
433
442
442
442
442
442
446
446
446
446
446
436
436
436
436
436
436
426
426
426
426
426
426
426
426
426
426
426
426
426
426
426
426
403
403
403
403
403
417
417
417
417
417
410
410
410
410
410
410
411
411
411
411
411
420
420
420
420
420
422
422
422
422
422
422
417
417
417
417
417
434
434
434
434
434
425
425
425
425
425
425
429
429
429
429
429
415
415
415
415
415
438
438
438
438
438
438
430
430
430
430
430
417
417
417
417
417
419
419
419
419
419
419
421
421
421
421
421
404
404
404
404
404
408
408
408
408
408
408
397
397
397
397
397
423
423
423
423
423
417
417
417
417
417
417
423
423
423
423
423
400
400
400
400
400
419
419
419
419
419
419
425
425
425
425
425
423
423
423
423
423
441
441
441
441
441
441
412
412
412
412
412
425
425
425
425
425
406
406
406
406
406
406
405
405
405
405
405
426
426
426
426
426
413
413
413
413
413
413
410
410
410
410
410
405
405
405
405
405
431
431
431
431
431
431
439
439
439
439
439
391
391
391
391
391
425
425
425
425
425
425
410
410
410
410
410
413
413
413
413
413
427
427
427
427
427
427
403
403
403
403
403
442
442
442
442
442
427
427
427
427
427
427
426
426
426
426
426
463
463
463
463
463
437
437
437
437
437
437
435
435
435
435
435
451
451
451
451
451
432
432
432
432
432
432
424
424
424
424
424
440
440
440
440
440
417
417
417
417
417
417
420
420
420
420
420
443
443
443
443
443
390
390
390
390
390
390
412
412
412
412
412
426
426
426
426
426
435
435
435
435
435
435
425
425
425
425
425
418
418
418
418
418
443
443
443
443
443
443
432
432
432
432
432
422
422
422
422
422
427
427
427
427
427
427
442
442
442
442
442
429
429
429
429
429
412
412
412
412
412
412
411
411
411
411
411
431
431
431
431
431
441
441
441
441
441
441
445
445
445
445
445
440
440
440
440
440
440
440
440
440
440
440
423
423
423
423
423
434
434
434
434
434
414
414
414
414
414
414
439
439
439
439
439
402
402
402
402
402
402
402
402
402
402
402
422
422
422
422
422
410
410
410
410
410
395
395
395
395
395
395
401
401
401
401
401
396
396
396
396
396
397
397
397
397
397
397
425
425
425
425
425
421
421
421
421
421
418
418
418
418
418
418
428
428
428
428
428
415
415
415
415
415
425
425
425
425
425
425
420
420
420
420
420
430
430
430
430
430
422
422
422
422
422
422
417
417
417
417
417
420
420
420
420
420
403
403
403
403
403
403
425
425
425
425
425
411
411
411
411
411
410
410
410
410
410
410
388
388
388
388
388
382
382
382
382
382
393
393
393
393
393
393
403
403
403
403
403
415
415
415
415
415
416
416
416
416
416
416
399
399
399
399
399
397
397
397
397
397
375
375
375
375
375
375
389
389
389
389
389
411
411
411
411
411
404
404
404
404
404
404
410
410
410
410
410
382
382
382
382
382
396
396
396
396
396
396
414
414
414
414
414
401
401
401
401
401
404
404
404
404
404
404
410
410
410
410
410
394
394
394
394
394
390
390
390
390
390
390
403
403
403
403
403
392
392
392
392
392