876
876
884
884
884
884
884
884
895
895
895
895
895
888
888
888
888
888
884
884
884
884
884
884
874
874
874
874
874
888
888
888
888
888
877
877
877
877
877
877
884
884
884
884
884
884
884
884
884
884
886
886
886
886
886
886
874
874
874
874
874
883
883
883
883
883
894
894
894
894
894
894
883
883
883
883
883
877
877
877
877
877
879
879
879
879
879
879
886
886
886
886
886
875
875
875
875
875
872
872
872
872
872
872
879
879
879
879
879
885
885
885
885
885
882
882
882
882
882
882
881
881
881
881
881
870
870
870
870
870
882
882
882
882
882
882
873
873
873
873
873
884
884
884
884
884
871
871
871
871
871
871
874
874
874
874
874
877
877
877
877
877
881
881
881
881
881
881
875
875
875
875
875
885
885
885
885
885
876
876
876
876
876
876
862
862
862
862
862
873
873
873
873
873
873
873
873
873
873
873
880
880
880
880
880
876
876
876
876
876
880
880
880
880
880
880
876
876
876
876
876
871
871
871
871
871
877
877
877
877
877
877
879
879
879
879
879
870
870
870
870
870
867
867
867
867
867
867
868
868
868
868
868
874
874
874
874
874
863
863
863
863
863
863
870
870
870
870
870
877
877
877
877
877
870
870
870
870
870
870
868
868
868
868
868
865
865
865
865
865
877
877
877
877
877
877
867
867
867
867
867
880
880
880
880
880
866
866
866
866
866
866
869
869
869
869
869
855
855
855
855
855
869
869
869
869
869
869
868
868
868
868
868
879
879
879
879
879
878
878
878
878
878
878
858
858
858
858
858
871
871
871
871
871
880
880
880
880
880
880
869
869
869
869
869
876
876
876
876
876
870
870
870
870
870
870
861
861
861
861
861
863
863
863
863
863
875
875
875
875
875
875
870
870
870
870
870
849
849
849
849
849
861
861
861
861
861
861
849
849
849
849
849
854
854
854
854
854
853
853
853
853
853
853
857
857
857
857
857
839
839
839
839
839
847
847
847
847
847
847
846
846
846
846
846
833
833
833
833
833
839
839
839
839
839
839
836
836
836
836
836
843
843
843
843
843
837
837
837
837
837
837
828
828
828
828
828
835
835
835
835
835
822
822
822
822
822
822
819
819
819
819
819
820
820
820
820
820
798
798
798
798
798
798
806
806
806
806
806
801
801
801
801
801
791
791
791
791
791
791
789
789
789
789
789
775
775
775
775
775
775
775
775
775
775
775
744
744
744
744
744
733
733
733
733
733
720
720
720
720
720
720
676
676
676
676
676
643
643
643
643
643
615
615
615
615
615
615
553
553
553
553
553
519
519
519
519
519
477
477
477
477
477
477
446
446
446
446
446
412
412
412
412
412
395
395
395
395
395
395
373
373
373
373
373
368
368
368
368
368
362
362
362
362
362
362
376
376
376
376
376
373
373
373
373
373
387
387
387
387
387
387
400
400
400
400
400
389
389
389
389
389
404
404
404
404
404
404
396
396
396
396
396
361
361
361
361
361
324
324
324
324
324
324
303
303
303
303
303
286
286
286
286
286
305
305
305
305
305
305
365
365
365
365
365
506
506
506
506
506
725
725
725
725
725
725
1045
1045
1045
1045
1045
1471
1471
1471
1471
1471
1926
1926
1926
1926
1926
1926
2345
2345
2345
2345
2345
2710
2710
2710
2710
2710
2908
2908
2908
2908
2908
2908
2965
2965
2965
2965
2965
2876
2876
2876
2876
2876
2613
2613
2613
2613
2613
2613
2191
2191
2191
2191
2191
1616
1616
1616
1616
1616
1023
1023
1023
1023
1023
1023
537
537
537
537
537
250
250
250
250
250
142
142
142
142
142
142
111
111
111
111
111
118
118
118
118
118
158
158
158
158
158
158
257
257
257
257
257
428
428
428
428
428
706
706
706
706
706
706
997
997
997
997
997
1308
1308
1308
1308
1308
1569
1569
1569
1569
1569
1569
1758
1758
1758
1758
1758
1876
1876
1876
1876
1876
1899
1899
1899
1899
1899
1899
1828
1828
1828
1828
1828
1656
1656
1656
1656
1656
1404
1404
1404
1404
1404
1404
1082
1082
1082
1082
1082
794
794
794
794
794
563
563
563
563
563
563
404
404
404
404
404
313
313
313
313
313
276
276
276
276
276
276
250
250
250
250
250
272
272
272
272
272
306
306
306
306
306
306
356
356
356
356
356
399
399
399
399
399
408
408
408
408
408
408
423
423
423
423
423
415
415
415
415
415
399
399
399
399
399
399
414
414
414
414
414
449
449
449
449
449
542
542
542
542
542
542
699
699
699
699
699
875
875
875
875
875
1112
1112
1112
1112
1112
1112
1355
1355
1355
1355
1355
1557
1557
1557
1557
1557
1657
1657
1657
1657
1657
1657
1674
1674
1674
1674
1674
1632
1632
1632
1632
1632
1524
1524
1524
1524
1524
1524
1409
1409
1409
1409
1409
1297
1297
1297
1297
1297
1196
1196
1196
1196
1196
1196
1144
1144
1144
1144
1144
1134
1134
1134
1134
1134
1177
1177
1177
1177
1177
1177
1286
1286
1286
1286
1286
1395
1395
1395
1395
1395
1518
1518
1518
1518
1518
1518
1651
1651
1651
1651
1651
1805
1805
1805
1805
1805
1954
1954
1954
1954
1954
1954
2124
2124
2124
2124
2124
2264
2264
2264
2264
2264
2409
2409
2409
2409
2409
2409
2502
2502
2502
2502
2502
2542
2542
2542
2542
2542
2505
2505
2505
2505
2505
2505
2394
2394
2394
2394
2394
2218
2218
2218
2218
2218
1998
1998
1998
1998
1998
1998
1735
1735
1735
1735
1735
1467
1467
1467
1467
1467
1220
1220
1220
1220
1220
1220
1041
1041
1041
1041
1041
901
901
901
901
901
824
824
824
824
824
824
829
829
829
829
829
853
853
853
853
853
939
939
939
939
939
939
1032
1032
1032
1032
1032
1110
1110
1110
1110
1110
1151
1151
1151
1151
1151
1151
1166
1166
1166
1166
1166
1120
1120
1120
1120
1120
1026
1026
1026
1026
1026
1026
893
893
893
893
893
740
740
740
740
740
607
607
607
607
607
607
469
469
469
469
469
382
382
382
382
382
307
307
307
307
307
307
252
252
252
252
252
206
206
206
206
206
192
192
192
192
192
192
179
179
179
179
179
193
193
193
193
193
217
217
217
217
217
217
268
268
268
268
268
325
325
325
325
325
383
383
383
383
383
383
438
438
438
438
438
461
461
461
461
461
485
485
485
485
485
485
507
507
507
507
507
503
503
503
503
503
511
511
511
511
511
511
518
518
518
518
518
553
553
553
553
553
591
591
591
591
591
591
620
620
620
620
620
652
652
652
652
652
685
685
685
685
685
685
720
720
720
720
720
781
781
781
781
781
820
820
820
820
820
820
857
857
857
857
857
900
900
900
900
900
915
915
915
915
915
915
920
920
920
920
920
905
905
905
905
905
922
922
922
922
922
922
973
973
973
973
973
1012
1012
1012
1012
1012
1075
1075
1075
1075
1075
1075
1086
1086
1086
1086
1086
1125
1125
1125
1125
1125
1124
1124
1124
1124
1124
1124
1085
1085
1085
1085
1085
1006
1006
1006
1006
1006
926
926
926
926
926
926
845
845
845
845
845
809
809
809
809
809
784
784
784
784
784
784
768
768
768
768
768
753
753
753
753
753
734
734
734
734
734
734
736
736
736
736
736
744
744
744
744
744
717
717
717
717
717
717
688
688
688
688
688
642
642
642
642
642
596
596
596
596
596
596
544
544
544
544
544
490
490
490
490
490
444
444
444
444
444
444
444
444
444
444
444
452
452
452
452
452
498
498
498
498
498
498
553
553
553
553
553
641
641
641
641
641
758
758
758
758
758
758
842
842
842
842
842
867
867
867
867
867
851
851
851
851
851
851
783
783
783
783
783
687
687
687
687
687
580
580
580
580
580
580
488
488
488
488
488
417
417
417
417
417
377
377
377
377
377
377
369
369
369
369
369
406
406
406
406
406
473
473
473
473
473
473
557
557
557
557
557
689
689
689
689
689
837
837
837
837
837
837
976
976
976
976
976
1107
1107
1107
1107
1107
1223
1223
1223
1223
1223
1223
1294
1294
1294
1294
1294
1316
1316
1316
1316
1316
1284
1284
1284
1284
1284
1284
1200
1200
1200
1200
1200
1086
1086
1086
1086
1086
973
973
973
973
973
973
877
877
877
877
877
791
791
791
791
791
793
793
793
793
793
793
857
857
857
857
857
995
995
995
995
995
1154
1154
1154
1154
1154
1154
1324
1324
1324
1324
1324
1458
1458
1458
1458
1458
1533
1533
1533
1533
1533
1533
1528
1528
1528
1528
1528
1495
1495
1495
1495
1495
1394
1394
1394
1394
1394
1394
1290
1290
1290
1290
1290
1197
1197
1197
1197
1197
1130
1130
1130
1130
1130
1130
1057
1057
1057
1057
1057
989
989
989
989
989
973
973
973
973
973
973
967
967
967
967
967
1011
1011
1011
1011
1011
1049
1049
1049
1049
1049
1049
1132
1132
1132
1132
1132
1201
1201
1201
1201
1201
1276
1276
1276
1276
1276
1276
1330
1330
1330
1330
1330
1348
1348
1348
1348
1348
1303
1303
1303
1303
1303
1303
1257
1257
1257
1257
1257
1190
1190
1190
1190
1190
1133
1133
1133
1133
1133
1133
1082
1082
1082
1082
1082
1061
1061
1061
1061
1061
1040
1040
1040
1040
1040
1040
1095
1095
1095
1095
1095
1143
1143
1143
1143
1143
1160
1160
1160
1160
1160
1160
1182
1182
1182
1182
1182
1152
1152
1152
1152
1152
1107
1107
1107
1107
1107
1107
1048
1048
1048
1048
1048
967
967
967
967
967
883
883
883
883
883
883
789
789
789
789
789
755
755
755
755
755
751
751
751
751
751
751
776
776
776
776
776
843
843
843
843
843
901
901
901
901
901
901
981
981
981
981
981
1023
1023
1023
1023
1023
1067
1067
1067
1067
1067
1067
1076
1076
1076
1076
1076
1090
1090
1090
1090
1090
1073
1073
1073
1073
1073
1073
1034
1034
1034
1034
1034
1007
1007
1007
1007
1007
965
965
965
965
965
965
918
918
918
918
918
891
891
891
891
891
869
869
869
869
869
869
852
852
852
852
852
875
875
875
875
875
886
886
886
886
886
886
930
930
930
930
930
970
970
970
970
970
996
996
996
996
996
996
1012
1012
1012
1012
1012
1010
1010
1010
1010
1010
975
975
975
975
975
975
958
958
958
958
958
931
931
931
931
931
899
899
899
899
899
899
885
885
885
885
885
848
848
848
848
848
824
824
824
824
824
824
822
822
822
822
822
807
807
807
807
807
809
809
809
809
809
809
812
812
812
812
812
821
821
821
821
821
814
814
814
814
814
814
795
795
795
795
795
762
762
762
762
762
728
728
728
728
728
728
678
678
678
678
678
653
653
653
653
653
643
643
643
643
643
643
672
672
672
672
672
703
703
703
703
703
771
771
771
771
771
771
800
800
800
800
800
855
855
855
855
855
898
898
898
898
898
898
902
902
902
902
902
892
892
892
892
892
872
872
872
872
872
872
828
828
828
828
828
787
787
787
787
787
752
752
752
752
752
752
730
730
730
730
730
718
718
718
718
718
734
734
734
734
734
734
751
751
751
751
751
762
762
762
762
762
773
773
773
773
773
773
793
793
793
793
793
818
818
818
818
818
831
831
831
831
831
831
863
863
863
863
863
878
878
878
878
878
897
897
897
897
897
897
890
890
890
890
890
900
900
900
900
900
864
864
864
864
864
864
830
830
830
830
830
810
810
810
810
810
790
790
790
790
790
790
789
789
789
789
789
809
809
809
809
809
855
855
855
855
855
855
908
908
908
908
908
966
966
966
966
966
1014
1014
1014
1014
1014
1014
1053
1053
1053
1053
1053
1055
1055
1055
1055
1055
1024
1024
1024
1024
1024
1024
987
987
987
987
987
940
940
940
940
940
912
912
912
912
912
912
870
870
870
870
870
872
872
872
872
872
879
879
879
879
879
879
904
904
904
904
904
947
947
947
947
947
964
964
964
964
964
964
992
992
992
992
992
1001
1001
1001
1001
1001
983
983
983
983
983
983
989
989
989
989
989
970
970
970
970
970
959
959
959
959
959
959
940
940
940
940
940
987
987
987
987
987
986
986
986
986
986
986
1010
1010
1010
1010
1010
1031
1031
1031
1031
1031
1059
1059
1059
1059
1059
1059
1060
1060
1060
1060
1060
1066
1066
1066
1066
1066
1076
1076
1076
1076
1076
1076
1044
1044
1044
1044
1044
1015
1015
1015
1015
1015
1006
1006
1006
1006
1006
1006
971
971
971
971
971
952
952
952
952
952
939
939
939
939
939
939
908
908
908
908
908
914
914
914
914
914
914
925
925
925
925
925
956
956
956
956
956
978
978
978
978
978
993
993
993
993
993
993
1004
1004
1004
1004
1004
997
997
997
997
997
985
985
985
985
985
985
974
974
974
974
974
976
976
976
976
976
976
944
944
944
944
944
925
925
925
925
925
915
915
915
915
915
897
897
897
897
897
897
887
887
887
887
887
885
885
885
885
885
898
898
898
898
898
898
895
895
895
895
895
890
890
890
890
890
890
919
919
919
919
919
937
937
937
937
937
964
964
964
964
964
973
973
973
973
973
973
988
988
988
988
988
995
995
995
995
995
983
983
983
983
983
983
964
964
964
964
964
952
952
952
952
952
952
939
939
939
939
939
914
914
914
914
914
904
904
904
904
904
904
904
904
904
904
904
896
896
896
896
896
890
890
890
890
890
891
891
891
891
891
891
878
878
878
878
878
858
858
858
858
858
858
854
854
854
854
854
851
851
851
851
851
847
847
847
847
847
857
857
857
857
857
857
862
862
862
862
862
889
889
889
889
889
929
929
929
929
929
929
945
945
945
945
945
959
959
959
959
959
959
964
964
964
964
964
946
946
946
946
946
932
932
932
932
932
918
918
918
918
918
918
893
893
893
893
893
871
871
871
871
871
850
850
850
850
850
850
839
839
839
839
839
821
821
821
821
821
821
821
821
821
821
821
799
799
799
799
799
794
794
794
794
794
790
790
790
790
790
790
802
802
802
802
802
811
811
811
811
811
841
841
841
841
841
841
859
859
859
859
859
881
881
881
881
881
902
902
902
902
902
902
921
921
921
921
921
955
955
955
955
955
958
958
958
958
958
958
941
941
941
941
941
929
929
929
929
929
912
912
912
912
912
912
882
882
882
882
882
851
851
851
851
851
831
831
831
831
831
831
810
810
810
810
810
808
808
808
808
808
814
814
814
814
814
814
805
805
805
805
805
830
830
830
830
830
855
855
855
855
855
855
865
865
865
865
865
877
877
877
877
877
864
864
864
864
864
864
877
877
877
877
877
863
863
863
863
863
874
874
874
874
874
874
883
883
883
883
883
873
873
873
873
873
869
869
869
869
869
869
859
859
859
859
859
853
853
853
853
853
846
846
846
846
846
846
845
845
845
845
845
836
836
836
836
836
827
827
827
827
827
827
836
836
836
836
836
836
836
836
836
836
850
850
850
850
850
850
863
863
863
863
863
870
870
870
870
870
881
881
881
881
881
881
906
906
906
906
906
919
919
919
919
919
933
933
933
933
933
933
949
949
949
949
949
971
971
971
971
971
970
970
970
970
970
970
973
973
973
973
973
980
980
980
980
980
980
980
980
980
980
980
993
993
993
993
993
999
999
999
999
999
997
997
997
997
997
997
990
990
990
990
990
981
981
981
981
981
968
968
968
968
968
968
950
950
950
950
950
942
942
942
942
942
932
932
932
932
932
932
925
925
925
925
925
929
929
929
929
929
936
936
936
936
936
936
952
952
952
952
952
981
981
981
981
981
1001
1001
1001
1001
1001
1001
1022
1022
1022
1022
1022
1017
1017
1017
1017
1017
1018
1018
1018
1018
1018
1018
1006
1006
1006
1006
1006
987
987
987
987
987
969
969
969
969
969
969
946
946
946
946
946
923
923
923
923
923
914
914
914
914
914
914
903
903
903
903
903
918
918
918
918
918
897
897
897
897
897
897
919
919
919
919
919
924
924
924
924
924
943
943
943
943
943
943
956
956
956
956
956
972
972
972
972
972
983
983
983
983
983
983
1001
1001
1001
1001
1001
997
997
997
997
997
983
983
983
983
983
983
976
976
976
976
976
969
969
969
969
969
959
959
959
959
959
959
960
960
960
960
960
964
964
964
964
964
975
975
975
975
975
975
998
998
998
998
998
1033
1033
1033
1033
1033
1060
1060
1060
1060
1060
1060
1076
1076
1076
1076
1076
1094
1094
1094
1094
1094
1108
1108
1108
1108
1108
1108
1096
1096
1096
1096
1096
1106
1106
1106
1106
1106
1097
1097
1097
1097
1097
1097
1085
1085
1085
1085
1085
1068
1068
1068
1068
1068
1046
1046
1046
1046
1046
1046
1017
1017
1017
1017
1017
992
992
992
992
992
972
972
972
972
972
972
968
968
968
968
968
969
969
969
969
969
969
969
969
969
969
969
979
979
979
979
979
986
986
986
986
986
983
983
983
983
983
983
998
998
998
998
998
984
984
984
984
984
975
975
975
975
975
975
971
971
971
971
971
952
952
952
952
952
955
955
955
955
955
955
935
935
935
935
935
931
931
931
931
931
908
908
908
908
908
908
914
914
914
914
914
899
899
899
899
899
890
890
890
890
890
890
882
882
882
882
882
889
889
889
889
889
889
889
889
889
889
889
878
878
878
878
878
881
881
881
881
881
868
868
868
868
868
868
880
880
880
880
880
883
883
883
883
883
883
883
883
883
883
883
899
899
899
899
899
886
886
886
886
886
895
895
895
895
895
895
906
906
906
906
906
917
917
917
917
917
921
921
921
921
921
921
912
912
912
912
912
904
904
904
904
904
895
895
895
895
895
895
882
882
882
882
882
879
879
879
879
879
882
882
882
882
882
882
884
884
884
884
884
902
902
902
902
902
909
909
909
909
909
909
915
915
915
915
915
917
917
917
917
917
924
924
924
924
924
924
917
917
917
917
917
913
913
913
913
913
902
902
902
902
902
902
902
902
902
902
902
897
897
897
897
897
896
896
896
896
896
896
881
881
881
881
881
892
892
892
892
892
876
876
876
876
876
876
862
862
862
862
862
871
871
871
871
871
858
858
858
858
858
858
848
848
848
848
848
853
853
853
853
853
853
853
853
853
853
853
830
830
830
830
830
821
821
821
821
821
809
809
809
809
809
809
802
802
802
802
802
792
792
792
792
792
793
793
793
793
793
793
778
778
778
778
778
793
793
793
793
793
811
811
811
811
811
811
854
854
854
854
854
871
871
871
871
871
903
903
903
903
903
903
929
929
929
929
929
936
936
936
936
936
943
943
943
943
943
943
942
942
942
942
942
909
909
909
909
909
904
904
904
904
904
904
871
871
871
871
871
845
845
845
845
845
837
837
837
837
837
837
830
830
830
830
830
823
823
823
823
823
837
837
837
837
837
837
853
853
853
853
853
888
888
888
888
888
903
903
903
903
903
903
912
912
912
912
912
929
929
929
929
929
962
962
962
962
962
962
937
937
937
937
937
948
948
948
948
948
930
930
930
930
930
930
925
925
925
925
925
919
919
919
919
919
935
935
935
935
935
935
950
950
950
950
950
948
948
948
948
948
969
969
969
969
969
969
983
983
983
983
983
1004
1004
1004
1004
1004
1004
1004
1004
1004
1004
1004
1024
1024
1024
1024
1024
1030
1030
1030
1030
1030
1023
1023
1023
1023
1023
1023
1030
1030
1030
1030
1030
1062
1062
1062
1062
1062
1055
1055
1055
1055
1055
1055
1070
1070
1070
1070
1070
1074
1074
1074
1074
1074
1079
1079
1079
1079
1079
1079
1096
1096
1096
1096
1096
1080
1080
1080
1080
1080
1085
1085
1085
1085
1085
1085
1084
1084
1084
1084
1084
1094
1094
1094
1094
1094
1091
1091
1091
1091
1091
1091
1086
1086
1086
1086
1086
1069
1069
1069
1069
1069
1060
1060
1060
1060
1060
1060
1060
1060
1060
1060
1060
1031
1031
1031
1031
1031
1014
1014
1014
1014
1014
1014
988
988
988
988
988
982
982
982
982
982
971
971
971
971
971
971
972
972
972
972
972
998
998
998
998
998
1018
1018
1018
1018
1018
1018
1028
1028
1028
1028
1028
1066
1066
1066
1066
1066
1091
1091
1091
1091
1091
1091
1100
1100
1100
1100
1100
1113
1113
1113
1113
1113
1104
1104
1104
1104
1104
1104
1092
1092
1092
1092
1092
1050
1050
1050
1050
1050
1030
1030
1030
1030
1030
1030
1011
1011
1011
1011
1011
979
979
979
979
979
976
976
976
976
976
976
961
961
961
961
961
964
964
964
964
964
965
965
965
965
965
965
969
969
969
969
969
963
963
963
963
963
977
977
977
977
977
977
962
962
962
962
962
975
975
975
975
975
959
959
959
959
959
959
962
962
962
962
962
957
957
957
957
957
968
968
968
968
968
968
946
946
946
946
946
945
945
945
945
945
946
946
946
946
946
946
961
961
961
961
961
972
972
972
972
972
987
987
987
987
987
987
991
991
991
991
991
999
999
999
999
999
985
985
985
985
985
985
1011
1011
1011
1011
1011
1013
1013
1013
1013
1013
1012
1012
1012
1012
1012
1012
1019
1019
1019
1019
1019
1014
1014
1014
1014
1014
998
998
998
998
998
998
981
981
981
981
981
969
969
969
969
969
958
958
958
958
958
958
920
920
920
920
920
911
911
911
911
911
907
907
907
907
907
907
908
908
908
908
908
906
906
906
906
906
923
923
923
923
923
923
935
935
935
935
935
959
959
959
959
959
964
964
964
964
964
964
970
970
970
970
970
971
971
971
971
971
969
969
969
969
969
969
948
948
948
948
948
940
940
940
940
940
904
904
904
904
904
904
904
904
904
904
904
874
874
874
874
874
861
861
861
861
861
861
851
851
851
851
851
853
853
853
853
853
836
836
836
836
836
836
836
836
836
836
836
826
826
826
826
826
810
810
810
810
810
810
806
806
806
806
806
797
797
797
797
797
800
800
800
800
800
800
785
785
785
785
785
791
791
791
791
791
823
823
823
823
823
823
814
814
814
814
814
818
818
818
818
818
824
824
824
824
824
824
804
804
804
804
804
810
810
810
810
810
798
798
798
798
798
798
784
784
784
784
784
781
781
781
781
781
766
766
766
766
766
766
775
775
775
775
775
771
771
771
771
771
783
783
783
783
783
783
780
780
780
780
780
788
788
788
788
788
784
784
784
784
784
784
808
808
808
808
808
801
801
801
801
801
803
803
803
803
803
803
817
817
817
817
817
815
815
815
815
815
820
820
820
820
820
820
847
847
847
847
847
862
862
862
862
862
872
872
872
872
872
872
883
883
883
883
883
893
893
893
893
893
901
901
901
901
901
901
912
912
912
912
912
908
908
908
908
908
908
908
908
908
908
908
938
938
938
938
938
931
931
931
931
931
951
951
951
951
951
951
968
968
968
968
968
987
987
987
987
987
1013
1013
1013
1013
1013
1013
1006
1006
1006
1006
1006
1020
1020
1020
1020
1020
1048
1048
1048
1048
1048
1048
1041
1041
1041
1041
1041
1058
1058
1058
1058
1058
1077
1077
1077
1077
1077
1077
1072
1072
1072
1072
1072
1094
1094
1094
1094
1094
1107
1107
1107
1107
1107
1107
1102
1102
1102
1102
1102
1117
1117
1117
1117
1117
1104
1104
1104
1104
1104
1104
1103
1103
1103
1103
1103
1077
1077
1077
1077
1077
1056
1056
1056
1056
1056
1056
1024
1024
1024
1024
1024
995
995
995
995
995
953
953
953
953
953
953
930
930
930
930
930
882
882
882
882
882
851
851
851
851
851
851
841
841
841
841
841
801
801
801
801
801
789
789
789
789
789
789
766
766
766
766
766
769
769
769
769
769
769
769
769
769
769
769
767
767
767
767
767
785
785
785
785
785
797
797
797
797
797
797
822
822
822
822
822
852
852
852
852
852
861
861
861
861
861
861
897
897
897
897
897
907
907
907
907
907
907
907
907
907
907
907
909
909
909
909
909
900
900
900
900
900
880
880
880
880
880
880
850
850
850
850
850
816
816
816
816
816
777
777
777
777
777
777
750
750
750
750
750
741
741
741
741
741
734
734
734
734
734
734
744
744
744
744
744
766
766
766
766
766
771
771
771
771
771
771
794
794
794
794
794
801
801
801
801
801
810
810
810
810
810
810
802
802
802
802
802
794
794
794
794
794
757
757
757
757
757
757
740
740
740
740
740
699
699
699
699
699
674
674
674
674
674
674
653
653
653
653
653
656
656
656
656
656
681
681
681
681
681
681
712
712
712
712
712
772
772
772
772
772
851
851
851
851