817
817
817
817
817
727
727
727
727
727
666
666
666
666
666
659
659
659
659
659
659
678
678
678
678
678
720
720
720
720
720
782
782
782
782
782
782
876
876
876
876
876
976
976
976
976
976
1064
1064
1064
1064
1064
1064
1157
1157
1157
1157
1157
1196
1196
1196
1196
1196
1198
1198
1198
1198
1198
1198
1175
1175
1175
1175
1175
1093
1093
1093
1093
1093
1001
1001
1001
1001
1001
1001
899
899
899
899
899
824
824
824
824
824
791
791
791
791
791
791
810
810
810
810
810
835
835
835
835
835
857
857
857
857
857
857
905
905
905
905
905
920
920
920
920
920
944
944
944
944
944
944
955
955
955
955
955
958
958
958
958
958
983
983
983
983
983
983
992
992
992
992
992
967
967
967
967
967
946
946
946
946
946
946
959
959
959
959
959
982
982
982
982
982
977
977
977
977
977
977
1023
1023
1023
1023
1023
1075
1075
1075
1075
1075
1118
1118
1118
1118
1118
1118
1137
1137
1137
1137
1137
1129
1129
1129
1129
1129
1066
1066
1066
1066
1066
1066
993
993
993
993
993
906
906
906
906
906
811
811
811
811
811
811
763
763
763
763
763
740
740
740
740
740
746
746
746
746
746
746
799
799
799
799
799
867
867
867
867
867
936
936
936
936
936
936
985
985
985
985
985
1035
1035
1035
1035
1035
1066
1066
1066
1066
1066
1066
1088
1088
1088
1088
1088
1074
1074
1074
1074
1074
1038
1038
1038
1038
1038
1038
992
992
992
992
992
922
922
922
922
922
865
865
865
865
865
865
808
808
808
808
808
749
749
749
749
749
739
739
739
739
739
739
746
746
746
746
746
790
790
790
790
790
844
844
844
844
844
844
901
901
901
901
901
958
958
958
958
958
998
998
998
998
998
998
1000
1000
1000
1000
1000
967
967
967
967
967
908
908
908
908
908
908
850
850
850
850
850
798
798
798
798
798
794
794
794
794
794
794
814
814
814
814
814
864
864
864
864
864
910
910
910
910
910
910
996
996
996
996
996
1037
1037
1037
1037
1037
1060
1060
1060
1060
1060
1060
1031
1031
1031
1031
1031
986
986
986
986
986
913
913
913
913
913
913
848
848
848
848
848
784
784
784
784
784
733
733
733
733
733
733
710
710
710
710
710
723
723
723
723
723
746
746
746
746
746
746
786
786
786
786
786
870
870
870
870
870
936
936
936
936
936
936
1029
1029
1029
1029
1029
1077
1077
1077
1077
1077
1112
1112
1112
1112
1112
1112
1088
1088
1088
1088
1088
1037
1037
1037
1037
1037
954
954
954
954
954
954
867
867
867
867
867
773
773
773
773
773
717
717
717
717
717
717
695
695
695
695
695
691
691
691
691
691
742
742
742
742
742
742
798
798
798
798
798
874
874
874
874
874
957
957
957
957
957
957
1014
1014
1014
1014
1014
1032
1032
1032
1032
1032
1021
1021
1021
1021
1021
1021
963
963
963
963
963
893
893
893
893
893
820
820
820
820
820
820
744
744
744
744
744
718
718
718
718
718
723
723
723
723
723
723
759
759
759
759
759
829
829
829
829
829
904
904
904
904
904
904
989
989
989
989
989
1048
1048
1048
1048
1048
1074
1074
1074
1074
1074
1074
1079
1079
1079
1079
1079
1043
1043
1043
1043
1043
988
988
988
988
988
988
927
927
927
927
927
865
865
865
865
865
839
839
839
839
839
839
803
803
803
803
803
810
810
810
810
810
831
831
831
831
831
831
854
854
854
854
854
885
885
885
885
885
914
914
914
914
914
914
959
959
959
959
959
992
992
992
992
992
1019
1019
1019
1019
1019
1019
1034
1034
1034
1034
1034
1057
1057
1057
1057
1057
1046
1046
1046
1046
1046
1046
1004
1004
1004
1004
1004
986
986
986
986
986
946
946
946
946
946
946
882
882
882
882
882
852
852
852
852
852
834
834
834
834
834
834
859
859
859
859
859
882
882
882
882
882
919
919
919
919
919
919
967
967
967
967
967
999
999
999
999
999
1023
1023
1023
1023
1023
1023
1013
1013
1013
1013
1013
1005
1005
1005
1005
1005
950
950
950
950
950
950
895
895
895
895
895
856
856
856
856
856
830
830
830
830
830
830
843
843
843
843
843
872
872
872
872
872
905
905
905
905
905
905
951
951
951
951
951
984
984
984
984
984
1020
1020
1020
1020
1020
1020
1013
1013
1013
1013
1013
1000
1000
1000
1000
1000
986
986
986
986
986
986
942
942
942
942
942
908
908
908
908
908
890
890
890
890
890
890
878
878
878
878
878
871
871
871
871
871
888
888
888
888
888
888
886
886
886
886
886
900
900
900
900
900
949
949
949
949
949
949
952
952
952
952
952
956
956
956
956
956
953
953
953
953
953
953
946
946
946
946
946
926
926
926
926
926
925
925
925
925
925
925
912
912
912
912
912
896
896
896
896
896
905
905
905
905
905
905
907
907
907
907
907
911
911
911
911
911
914
914
914
914
914
914
908
908
908
908
908
911
911
911
911
911
893
893
893
893
893
893
910
910
910
910
910
906
906
906
906
906
890
890
890
890
890
890
895
895
895
895
895
876
876
876
876
876
860
860
860
860
860
860
830
830
830
830
830
820
820
820
820
820
826
826
826
826
826
826
831
831
831
831
831
849
849
849
849
849
875
875
875
875
875
875
898
898
898
898
898
921
921
921
921
921
931
931
931
931
931
931
958
958
958
958
958
942
942
942
942
942
939
939
939
939
939
939
911
911
911
911
911
885
885
885
885
885
873
873
873
873
873
873
861
861
861
861
861
857
857
857
857
857
852
852
852
852
852
852
856
856
856
856
856
883
883
883
883
883
891
891
891
891
891
891
889
889
889
889
889
904
904
904
904
904
900
900
900
900
900
900
897
897
897
897
897
911
911
911
911
911
896
896
896
896
896
896
901
901
901
901
901
890
890
890
890
890
884
884
884
884
884
884
896
896
896
896
896
878
878
878
878
878
890
890
890
890
890
890
905
905
905
905
905
908
908
908
908
908
916
916
916
916
916
916
918
918
918
918
918
933
933
933
933
933
932
932
932
932
932
932
925
925
925
925
925
913
913
913
913
913
896
896
896
896
896
896
874
874
874
874
874
875
875
875
875
875
868
868
868
868
868
868
871
871
871
871
871
897
897
897
897
897
946
946
946
946
946
946
962
962
962
962
962
980
980
980
980
980
995
995
995
995
995
995
976
976
976
976
976
959
959
959
959
959
939
939
939
939
939
939
924
924
924
924
924
898
898
898
898
898
883
883
883
883
883
883
874
874
874
874
874
884
884
884
884
884
888
888
888
888
888
888
918
918
918
918
918
925
925
925
925
925
941
941
941
941
941
941
944
944
944
944
944
947
947
947
947
947
951
951
951
951
951
951
922
922
922
922
922
917
917
917
917
917
900
900
900
900
900
900
876
876
876
876
876
881
881
881
881
881
888
888
888
888
888
888
859
859
859
859
859
853
853
853
853
853
884
884
884
884
884
884
886
886
886
886
886
883
883
883
883
883
901
901
901
901
901
901
904
904
904
904
904
902
902
902
902
902
897
897
897
897
897
897
888
888
888
888
888
868
868
868
868
868
874
874
874
874
874
874
834
834
834
834
834
827
827
827
827
827
836
836
836
836
836
836
835
835
835
835
835
832
832
832
832
832
858
858
858
858
858
858
881
881
881
881
881
888
888
888
888
888
921
921
921
921
921
921
932
932
932
932
932
913
913
913
913
913
911
911
911
911
911
911
886
886
886
886
886
872
872
872
872
872
851
851
851
851
851
851
826
826
826
826
826
807
807
807
807
807
815
815
815
815
815
815
805
805
805
805
805
833
833
833
833
833
855
855
855
855
855
855
853
853
853
853
853
861
861
861
861
861
864
864
864
864
864
864
861
861
861
861
861
840
840
840
840
840
828
828
828
828
828
828
819
819
819
819
819
790
790
790
790
790
805
805
805
805
805
805
801
801
801
801
801
794
794
794
794
794
803
803
803
803
803
803
827
827
827
827
827
813
813
813
813
813
831
831
831
831
831
831
844
844
844
844
844
834
834
834
834
834
844
844
844
844
844
844
846
846
846
846
846
848
848
848
848
848
846
846
846
846
846
846
857
857
857
857
857
851
851
851
851
851
835
835
835
835
835
835
836
836
836
836
836
837
837
837
837
837
831
831
831
831
831
831
845
845
845
845
845
862
862
862
862
862
858
858
858
858
858
858
852
852
852
852
852
868
868
868
868
868
866
866
866
866
866
866
860
860
860
860
860
857
857
857
857
857
859
859
859
859
859
859
870
870
870
870
870
874
874
874
874
874
871
871
871
871
871
871
890
890
890
890
890
880
880
880
880
880
897
897
897
897
897
897
917
917
917
917
917
905
905
905
905
905
908
908
908
908
908
908
920
920
920
920
920
891
891
891
891
891
874
874
874
874
874
874
880
880
880
880
880
885
885
885
885
885
883
883
883
883
883
883
887
887
887
887
887
871
871
871
871
871
872
872
872
872
872
872
880
880
880
880
880
880
880
880
880
880
876
876
876
876
876
876
890
890
890
890
890
891
891
891
891
891
908
908
908
908
908
908
906
906
906
906
906
923
923
923
923
923
921
921
921
921
921
921
931
931
931
931
931
928
928
928
928
928
928
928
928
928
928
928
910
910
910
910
910
919
919
919
919
919
905
905
905
905
905
905
898
898
898
898
898
913
913
913
913
913
877
877
877
877
877
877
891
891
891
891
891
870
870
870
870
870
894
894
894
894
894
894
891
891
891
891
891
897
897
897
897
897
915
915
915
915
915
915
916
916
916
916
916
924
924
924
924
924
937
937
937
937
937
937
927
927
927
927
927
946
946
946
946
946
940
940
940
940
940
940
956
956
956
956
956
938
938
938
938
938
957
957
957
957
957
957
972
972
972
972
972
953
953
953
953
953
966
966
966
966
966
966
957
957
957
957
957
954
954
954
954
954
941
941
941
941
941
941
939
939
939
939
939
925
925
925
925
925
905
905
905
905
905
905
900
900
900
900
900
882
882
882
882
882
867
867
867
867
867
867
878
878
878
878
878
878
878
878
878
878
884
884
884
884
884
884
899
899
899
899
899
910
910
910
910
910
933
933
933
933
933
933
939
939
939
939
939
953
953
953
953
953
941
941
941
941
941
941
948
948
948
948
948
965
965
965
965
965
956
956
956
956
956
956
940
940
940
940
940
924
924
924
924
924
908
908
908
908
908
908
911
911
911
911
911
892
892
892
892
892
874
874
874
874
874
874
888
888
888
888
888
887
887
887
887
887
900
900
900
900
900
900
902
902
902
902
902
912
912
912
912
912
924
924
924
924
924
924
925
925
925
925
925
918
918
918
918
918
919
919
919
919
919
919
918
918
918
918
918
903
903
903
903
903
901
901
901
901
901
901
896
896
896
896
896
887
887
887
887
887
880
880
880
880
880
880
873
873
873
873
873
897
897
897
897
897
906
906
906
906
906
906
921
921
921
921
921
925
925
925
925
925
945
945
945
945
945
945
934
934
934
934
934
953
953
953
953
953
948
948
948
948
948
948
939
939
939
939
939
934
934
934
934
934
934
934
934
934
934
934
916
916
916
916
916
930
930
930
930
930
921
921
921
921
921
921
919
919
919
919
919
934
934
934
934
934
934
934
934
934
934
934
943
943
943
943
943
952
952
952
952
952
962
962
962
962
962
962
963
963
963
963
963
944
944
944
944
944
956
956
956
956
956
956
953
953
953
953
953
950
950
950
950
950
946
946
946
946
946
946
937
937
937
937
937
938
938
938
938
938
925
925
925
925
925
925
924
924
924
924
924
933
933
933
933
933
955
955
955
955
955
955
976
976
976
976
976
988
988
988
988
988
1000
1000
1000
1000
1000
1000
1010
1010
1010
1010
1010
1008
1008
1008
1008
1008
1014
1014
1014
1014
1014
1014
1007
1007
1007
1007
1007
998
998
998
998
998
995
995
995
995
995
995
990
990
990
990
990
987
987
987
987
987
988
988
988
988
988
988
995
995
995
995
995
1008
1008
1008
1008
1008
1009
1009
1009
1009
1009
1009
1012
1012
1012
1012
1012
1009
1009
1009
1009
1009
1025
1025
1025
1025
1025
1025
1027
1027
1027
1027
1027
1014
1014
1014
1014
1014
1017
1017
1017
1017
1017
1017
993
993
993
993
993
994
994
994
994
994
996
996
996
996
996
996
997
997
997
997
997
1021
1021
1021
1021
1021
1029
1029
1029
1029
1029
1029
1044
1044
1044
1044
1044
1060
1060
1060
1060
1060
1070
1070
1070
1070
1070
1070
1076
1076
1076
1076
1076
1070
1070
1070
1070
1070
1061
1061
1061
1061
1061
1061
1048
1048
1048
1048
1048
1046
1046
1046
1046
1046
1035
1035
1035
1035
1035
1035
1030
1030
1030
1030
1030
1032
1032
1032
1032
1032
1038
1038
1038
1038
1038
1038
1049
1049
1049
1049
1049
1046
1046
1046
1046
1046
1049
1049
1049
1049
1049
1049
1054
1054
1054
1054
1054
1078
1078
1078
1078
1078
1081
1081
1081
1081
1081
1081
1080
1080
1080
1080
1080
1089
1089
1089
1089
1089
1084
1084
1084
1084
1084
1084
1083
1083
1083
1083
1083
1065
1065
1065
1065
1065
1055
1055
1055
1055
1055
1055
1044
1044
1044
1044
1044
1032
1032
1032
1032
1032
1025
1025
1025
1025
1025
1025
1034
1034
1034
1034
1034
1039
1039
1039
1039
1039
1060
1060
1060
1060
1060
1060
1101
1101
1101
1101
1101
1116
1116
1116
1116
1116
1147
1147
1147
1147
1147
1147
1159
1159
1159
1159
1159
1163
1163
1163
1163
1163
1161
1161
1161
1161
1161
1161
1138
1138
1138
1138
1138
1102
1102
1102
1102
1102
1068
1068
1068
1068
1068
1068
1022
1022
1022
1022
1022
1005
1005
1005
1005
1005
984
984
984
984
984
984
972
972
972
972
972
978
978
978
978
978
988
988
988
988
988
988
1017
1017
1017
1017
1017
1046
1046
1046
1046
1046
1076
1076
1076
1076
1076
1076
1106
1106
1106
1106
1106
1130
1130
1130
1130
1130
1128
1128
1128
1128
1128
1128
1132
1132
1132
1132
1132
1123
1123
1123
1123
1123
1119
1119
1119
1119
1119
1119
1092
1092
1092
1092
1092
1083
1083
1083
1083
1083
1053
1053
1053
1053
1053
1053
1044
1044
1044
1044
1044
1036
1036
1036
1036
1036
1023
1023
1023
1023
1023
1023
1015
1015
1015
1015
1015
1004
1004
1004
1004
1004
1006
1006
1006
1006
1006
1006
1002
1002
1002
1002
1002
991
991
991
991
991
985
985
985
985
985
985
989
989
989
989
989
983
983
983
983
983
978
978
978
978
978
978
977
977
977
977
977
987
987
987
987
987
1011
1011
1011
1011
1011
1011
1020
1020
1020
1020
1020
1056
1056
1056
1056
1056
1067
1067
1067
1067
1067
1067
1084
1084
1084
1084
1084
1095
1095
1095
1095
1095
1093
1093
1093
1093
1093
1093
1070
1070
1070
1070
1070
1050
1050
1050
1050
1050
1009
1009
1009
1009
1009
1009
973
973
973
973
973
920
920
920
920
920
883
883
883
883
883
883
872
872
872
872
872
846
846
846
846
846
852
852
852
852
852
852
884
884
884
884
884
911
911
911
911
911
938
938
938
938
938
938
984
984
984
984
984
1017
1017
1017
1017
1017
1045
1045
1045
1045
1045
1045
1060
1060
1060
1060
1060
1055
1055
1055
1055
1055
1050
1050
1050
1050
1050
1050
1027
1027
1027
1027
1027
996
996
996
996
996
966
966
966
966
966
966
937
937
937
937
937
922
922
922
922
922
909
909
909
909
909
909
915
915
915
915
915
926
926
926
926
926
945
945
945
945
945
945
971
971
971
971
971
987
987
987
987
987
998
998
998
998
998
998
1015
1015
1015
1015
1015
1025
1025
1025
1025
1025
1014
1014
1014
1014
1014
1014
1004
1004
1004
1004
1004
995
995
995
995
995
997
997
997
997
997
997
1013
1013
1013
1013
1013
1006
1006
1006
1006
1006
1018
1018
1018
1018
1018
1018
1025
1025
1025
1025
1025
1043
1043
1043
1043
1043
1023
1023
1023
1023
1023
1023
1029
1029
1029
1029
1029
1043
1043
1043
1043
1043
1009
1009
1009
1009
1009
1009
1008
1008
1008
1008
1008
991
991
991
991
991
977
977
977
977
977
977
965
965
965
965
965
961
961
961
961
961
964
964
964
964
964
964
967
967
967
967
967
963
963
963
963
963
981
981
981
981
981
981
974
974
974
974
974
966
966
966
966
966
959
959
959
959
959
959
951
951
951
951
951
933
933
933
933
933
928
928
928
928
928
928
914
914
914
914
914
908
908
908
908
908
921
921
921
921
921
921
928
928
928
928
928
938
938
938
938
938
938
938
938
938
938
938
962
962
962
962
962
974
974
974
974
974
990
990
990
990
990
990
968
968
968
968
968
966
966
966
966
966
948
948
948
948
948
948
959
959
959
959
959
937
937
937
937
937
932
932
932
932
932
932
923
923
923
923
923
906
906
906
906
906
906
906
906
906
906
906
911
911
911
911
911
913
913
913
913
913
920
920
920
920
920
920
912
912
912
912
912
891
891
891
891
891
914
914
914
914
914
914
911
911
911
911
911
928
928
928
928
928
916
916
916
916
916
916
928
928
928
928
928
923
923
923
923
923
949
949
949
949
949
949
929
929
929
929
929
959
959
959
959
959
979
979
979
979
979
979
1002
1002
1002
1002
1002
1019
1019
1019
1019
1019
1029
1029
1029
1029
1029
1029
1031
1031
1031
1031
1031
1050
1050
1050
1050
1050
1050
1050
1050
1050
1050
1050
1040
1040
1040
1040
1040
1016
1016
1016
1016
1016
1001
1001
1001
1001
1001
1001
980
980
980
980
980
958
958
958
958
958
943
943
943
943
943
943
935
935
935
935
935
928
928
928
928
928
939
939
939
939
939
939
953
953
953
953
953
988
988
988
988
988
985
985
985
985
985
985
998
998
998
998
998
1025
1025
1025
1025
1025
1014
1014
1014
1014
1014
1014
1003
1003
1003
1003
1003
986
986
986
986
986
980
980
980
980
980
980
939
939
939
939
939
906
906
906
906
906
885
885
885
885
885
885
891
891
891
891
891
861
861
861
861
861
879
879
879
879
879
879
864
864
864
864
864
899
899
899
899
899
902
902
902
902
902
902
934
934
934
934
934
937
937
937
937
937
974
974
974
974
974
974
972
972
972
972
972
974
974
974
974
974
972
972
972
972
972
972
951
951
951
951
951
938
938
938
938
938
899
899
899
899
899
899
879
879
879
879
879
845
845
845
845
845
826
826
826
826
826
826
834
834
834
834
834
832
832
832
832
832
831
831
831
831
831
831
864
864
864
864
864
877
877
877
877
877
903
903
903
903
903
903
938
938
938
938
938
984
984
984
984
984
1019
1019
1019
1019
1019
1019
1079
1079
1079
1079
1079
1111
1111
1111
1111
1111
1159
1159
1159
1159
1159
1159
1181
1181
1181
1181
1181
1198
1198
1198
1198
1198
1202
1202
1202
1202
1202
1202
1180
1180
1180
1180
1180
1148
1148
1148
1148
1148
1116
1116
1116
1116
1116
1116
1051
1051
1051
1051
1051
996
996
996
996
996
933
933
933
933
933
933
894
894
894
894
894
850
850
850
850
850
845
845
845
845
845
845
850
850
850
850
850
877
877
877
877
877
906
906
906
906
906
906
990
990
990
990
990
1047
1047
1047
1047
1047
1127
1127
1127
1127
1127
1127
1170
1170
1170
1170
1170
1200
1200
1200
1200
1200
1200
1200
1200
1200
1200
1200
1155
1155
1155
1155
1155
1082
1082
1082
1082
1082
1006
1006
1006
1006
1006
1006
915
915
915
915
915
818
818
818
818
818
770
770
770
770
770
770
725
725
725
725
725
712
712
712
712
712
714
714
714
714
714
714
759
759
759
759
759
811
811
811
811
811
881
881
881
881
881
881
939
939
939
939
939
965
965
965
965
965
1024
1024
1024
1024
1024
1024
1050
1050
1050
1050
1050
1075
1075
1075
1075
1075
1071
1071
1071
1071
1071
1071
1053
1053
1053
1053
1053
1024
1024
1024
1024
1024
981
981
981
981
981
981
964
964
964
964
964
920
920
920
920
920
918
918
918
918
918
918
904
904
904
904
904
931
931
931
931
931
950
950
950
950
950
950
976
976
976
976
976
990
990
990
990
990
1022
1022
1022
1022
1022
1022
1042
1042
1042
1042
1042
1068
1068
1068
1068
1068
1060
1060
1060
1060
1060
1060
1048
1048
1048
1048
1048
1044
1044
1044
1044
1044
1045
1045
1045
1045
1045
1045
1042
1042
1042
1042
1042
1049
1049
1049
1049
1049
1053
1053
1053
1053
1053
1053
1043
1043
1043
1043
1043
1059
1059
1059
1059
1059
1054
1054
1054
1054
1054
1054
1052
1052
1052
1052
1052
1048
1048
1048
1048
1048
1054
1054
1054
1054
1054
1054
1023
1023
1023
1023
1023
1013
1013
1013
1013
1013
994
994
994
994
994
994
969
969
969
969
969
940
940
940
940
940
947
947
947
947
947
947
922
922
922
922
922
926
926
926
926
926
949
949
949
949
949
949
951
951
951
951
951
958
958
958
958
958
978
978
978
978
978
978
1003
1003
1003
1003
1003
1020
1020
1020
1020
1020
1038
1038
1038
1038
1038
1038
1047
1047
1047
1047
1047
1050
1050
1050
1050
1050
1051
1051
1051
1051
1051
1051
1050
1050
1050
1050
1050
1026
1026
1026
1026
1026
1040
1040
1040
1040
1040
1040
1013
1013
1013
1013
1013
1002
1002
1002
1002
1002
997
997
997
997
997
997
1003
1003
1003
1003
1003
1004
1004
1004
1004
1004
1013
1013
1013
1013
1013
1013
1024
1024
1024
1024
1024
1037
1037
1037
1037
1037
1050
1050
1050
1050
1050
1050
1056
1056
1056
1056
1056
1075
1075
1075
1075
1075
1075
1075
1075
1075
1075
1075
1079
1079
1079
1079
1079
1076
1076
1076
1076
1076
1067
1067
1067
1067
1067
1067
1075
1075
1075
1075
1075
1060
1060
1060
1060
1060
1053
1053
1053
1053
1053
1053
1065
1065
1065
1065
1065
1029
1029
1029
1029
1029
1020
1020
1020
1020
1020
1020
1034
1034
1034
1034
1034
1026
1026
1026
1026
1026
1018
1018
1018
1018
1018
1018
1016
1016
1016
1016
1016
1003
1003
1003
1003
1003
1011
1011
1011
1011
1011
1011
1007
1007
1007
1007
1007
1024
1024
1024
1024
1024
1031
1031
1031
1031
1031
1031
1032
1032
1032
1032
1032
1038
1038
1038
1038
1038
1046
1046
1046
1046
1046
1046
1057
1057
1057
1057
1057
1059
1059
1059
1059
1059
1054
1054
1054
1054
1054
1054
1040
1040
1040
1040
1040
1029
1029
1029
1029
1029
1023
1023
1023
1023
1023
1023
1022
1022
1022
1022
1022
1010
1010
1010
1010
1010
1016
1016
1016
1016
1016
1016
1022
1022
1022
1022
1022
1013
1013
1013
1013
1013
1018
1018
1018
1018
1018
1018
1032
1032
1032
1032
1032
1040
1040
1040
1040
1040
1050
1050
1050
1050
1050
1050
1040
1040
1040
1040
1040
1030
1030
1030
1030
1030
1026
1026
1026
1026
1026
1026
1029
1029
1029
1029
1029
1025
1025
1025
1025
1025
1042
1042
1042
1042
1042
1042
1044
1044
1044
1044
1044
1033
1033
1033
1033
1033
1019
1019
1019
1019
1019
1019
1014
1014
1014
1014
1014
1007
1007
1007
1007
1007
1005
1005
1005
1005
1005
1005
1008
1008
1008
1008
1008
994
994
994
994
994
991
991
991
991
991
991
980
980
980
980
980
971
971
971
971
971
970
970
970
970
970
970
967
967
967
967
967
964
964
964
964
964
970
970
970
970
970
970
959
959
959
959
959
964
964
964
964
964
996
996
996
996
996
996
986
986
986
986
986
1000
1000
1000
1000
1000
1000
1000
1000
1000
1000
1000
999
999
999
999
999
995
995
995
995
995
992
992
992
992
992
992
990
990
990
990
990
969
969
969
969
969
964
964
964
964
964
964
978
978
978
978
978
967
967
967
967
967
952
952
952
952
952
952
951
951
951
951
951
970
970
970
970
970
971
971
971
971
971
971
994
994
994
994
994
991
991
991
991
991
992
992
992
992
992
992
989
989
989
989
989
980
980
980
980
980
991
991
991
991
991
991
986
986
986
986
986
968
968
968
968
968
974
974
974
974
974
974
962
962
962
962
962
973
973
973
973
973
979
979
979
979
979
979
981
981
981
981
981
1023
1023
1023
1023
1023
1009
1009
1009
1009
1009
1009
1017
1017
1017
1017
1017
1012
1012
1012
1012
1012
1007
1007
1007
1007
1007
1007
998
998
998
998
998
976
976
976
976
976
973
973
973
973
973
973
956
956
956
956
956
946
946
946
946
946
958
958
958
958
958
958
941
941
941
941
941
966
966
966
966
966
950
950
950
950
950
950
980
980
980
980
980
993
993
993
993
993
1017
1017
1017
1017
1017
1017
1008
1008
1008
1008
1008
1024
1024
1024
1024
1024
1011
1011
1011
1011
1011
1011
1023
1023
1023
1023
1023
1022
1022
1022
1022
1022
1020
1020
1020
1020
1020
1020
1014
1014
1014
1014
1014
1017
1017
1017
1017
1017
1017
1017
1017
1017
1017
1017
994
994
994
994
994
999
999
999
999
999
1014
1014
1014
1014
1014
1014
997