993
988
961
929
949
977
1025
958
990
965
1015
1008
994
966
1004
977
931
992
924
996
966
963
995
937
994
1070
955
915
979
951
952
948
1068
956
894
990
989
958
904
924
963
992
927
965
906
965
1009
973
1039
919
913
1053
989
925
1001
1019
937
962
913
976
1020
1002
1014
962
1010
971
1039
968
956
967
973
979
982
945
972
891
973
949
974
999
974
921
936
972
937
1044
917
1022
968
914
950
1052
978
952
995
1063
1019
939
998
1033
969
974
1034
919
915
988
932
959
1019
928
941
989
998
920
979
954
967
937
1005
1018
993
891
926
948
995
1025
932
969
967
977
1004
967
1005
1010
962
959
928
953
985
910
963
996
932
965
977
972
999
992
928
986
980
896
1019
908
988
983
993
983
943
996
944
972
950
964
968
990
973
994
1057
919
942
914
984
1008
994
942
987
1110
1057
949
983
931
932
966
947
980
964
984
932
958
1003
980
966
903
931
1022
989
982
941
982
1019
927
945
1025
1029
1007
965
1058
963
1015
945
979
1067
992
971
977
988
909
1030
972
1039
980
950
1003
955
960
969
939
919
971
973
956
942
919
952
988
1020
892
969
974
993
1021
940
1021
883
986
928
956
1020
917
990
912
984
989
1026
989
1027
962
969
980
979
975
913
938
992
1025
948
923
967
920
1012
954
992
966
1002
998
999
965
943
925
966
958
1006
991
1056
1026
1018
910
984
992
976
950
956
1014
982
998
1009
1035
960
943
1012
997
912
1016
948
922
975
955
945
925
966
955
995
1001
1007
944
944
1020
950
991
997
1039
951
1000
989
990
915
994
1043
920
1009
926
926
897
967
1009
974
946
913
930
1001
961
995
952
975
975
925
971
966
1020
980
1009
985
985
954
958
988
935
939
983
946
952
1038
962
1017
946
1012
939
1016
965
961
932
941
977
1006
1012
969
888
965
992
989
975
995
995
1019
992
966
1013
931
927
1023
983
951
928
1016
916
961
1035
949
999
952
956
983
995
932
992
932
952
913
1043
982
940
924
988
956
947
963
987
1035
968
1003
978
980
908
966
983
993
982
965
888
956
937
1004
977
962
980
988
962
994
940
1001
896
1035
955
987
912
997
960
998
1020
939
940
947
931
981
1003
976
963
1031
964
980
1019
979
930
947
1013
975
997
1002
1018
942
1017
989
924
977
973
1004
960
988
954
957
947
946
1021
934
943
1007
992
991
1038
971
963
1049
964
1003
970
957
958
979
912