0 1471
1 1424
2 1416
3 1369
4 1459
5 1413
6 1389
7 1396
8 1508
9 1415
10 1359
11 1402
12 1445
13 1532
14 1451
15 1428
16 1432
17 1446
18 1392
19 1512
20 1428
21 1385
22 1397
23 1396
24 1447
25 1444
26 1497
27 1458
28 1492
29 1417
30 1426
31 1390
32 1457
33 1351
34 1446
35 1382
36 1390
37 1484
38 1396
39 1509
40 1478
41 1424
42 1438
43 1464
44 1407
45 1404
46 1416
47 1486
48 1446
49 1417
50 1436
51 1468
52 1445
53 1412
54 1459
55 1427
56 1449
57 1512
58 1411
59 1525
60 1412
61 1459
62 1457
63 1443
64 1479
65 1421
66 1421
67 1428
68 1425
69 1398
70 1414
71 1397
72 1432
73 1370
74 1519
75 1413
76 1454
77 1435
78 1444
79 1493
80 1442
81 1456
82 1471
83 1404
84 1454
85 1472
86 1471
87 1446
88 1411
89 1461
90 1349
91 1467
92 1483
93 1467
94 1420
95 1457
96 1351
97 1424
98 1473
99 1358
100 1423
101 1444
102 1372
103 1371
104 1439
105 1505
106 1436
107 1370
108 1426
109 1460
110 1453
111 1441
112 1406
113 1469
114 1475
115 1436
116 1421
117 1451
118 1368
119 1475
120 1438
121 1439
122 1432
123 1424
124 1455
125 1426
126 1482
127 1431
128 1414
129 1415
130 1370
131 1517
132 1415
133 1462
134 1449
135 1452
136 1410
137 1493
138 1379
139 1475
140 1516
141 1469
142 1399
143 1474
144 1392
145 1482
146 1419
147 1472
148 1437
149 1439
150 1367
151 1440
152 1416
153 1505
154 1476
155 1442
156 1471
157 1457
158 1378
159 1412
160 1451
161 1443
162 1387
163 1455
164 1526
165 1420
166 1423
167 1383
168 1395
169 1449
170 1395
171 1366
172 1480
173 1499
174 1498
175 1560
176 1408
177 1446
178 1403
179 1358
180 1473
181 1435
182 1370
183 1417
184 1423
185 1423
186 1378
187 1424
188 1442
189 1419
190 1400
191 1434
192 1508
193 1441
194 1425
195 1495
196 1376
197 1449
198 1412
199 1490
200 1447
201 1333
202 1417
203 1429
204 1413
205 1392
206 1368
207 1476
208 1486
209 1461
210 1469
211 1511
212 1376
213 1425
214 1507
215 1443
216 1440
217 1380
218 1416
219 1417
220 1421
221 1413
222 1392
223 1382
224 1488
225 1344
226 1408
227 1435
228 1442
229 1430
230 1413
231 1481
232 1503
233 1397
234 1361
235 1394
236 1488
237 1531
238 1343
239 1458
240 1461
241 1443
242 1501
243 1484
244 1380
245 1400
246 1420
247 1523
248 1423
249 1455
250 1361
251 1412
252 1416
253 1430
254 1491
255 1456
256 1411
257 1470
258 1465
259 1386
260 1388
261 1408
262 1524
263 1411
264 1356
265 1408
266 1384
267 1446
268 1420
269 1509
270 1513
271 1423
272 1342
273 1443
274 1403
275 1452
276 1472
277 1509
278 1427
279 1369
280 1492
281 1473
282 1439
283 1508
284 1379
285 1391
286 1408
287 1437
288 1474
289 1419
290 1375
291 1438
292 1482
293 1456
294 1555
295 1418
296 1482
297 1422
298 1400
299 1455
300 1482
301 1448
302 1476
303 1480
304 1433
305 1453
306 1430
307 1502
308 1433
309 1534
310 1468
311 1528
312 1482
313 1479
314 1430
315 1438
316 1462
317 1428
318 1477
319 1465
320 1448
321 1432
322 1427
323 1438
324 1563
325 1479
326 1477
327 1540
328 1422
329 1427
330 1473
331 1397
332 1321
333 1464
334 1372
335 1473
336 1428
337 1403
338 1379
339 1441
340 1518
341 1408
342 1541
343 1395
344 1486
345 1516
346 1487
347 1442
348 1493
349 1497
350 1433
351 1513
352 1443
353 1478
354 1495
355 1433
356 1376
357 1466
358 1475
359 1424
360 1456
361 1432
362 1512
363 1509
364 1414
365 1370
366 1479
367 1474
368 1438
369 1424
370 1366
371 1500
372 1402
373 1483
374 1436
375 1393
376 1445
377 1408
378 1485
379 1471
380 1464
381 1484
382 1380
383 1488
384 1472
385 1447
386 1446
387 1403
388 1449
389 1491
390 1448
391 1432
392 1415
393 1384
394 1422
395 1485
396 1408
397 1452
398 1432
399 1444
400 1422
401 1385
402 1512
403 1400
404 1414
405 1459
406 1489
407 1458
408 1436
409 1496
410 1461
411 1454
412 1468
413 1384
414 1492
415 1488
416 1452
417 1486
418 1415
419 1463
420 1516
421 1448
422 1481
423 1468
424 1493
425 1471
426 1445
427 1384
428 1492
429 1420
430 1415
431 1402
432 1424
433 1440
434 1424
435 1433
436 1418
437 1414
438 1393
439 1452
440 1382
441 1493
442 1511
443 1406
444 1480
445 1414
446 1477
447 1433
448 1480
449 1412
450 1528
451 1412
452 1391
453 1459
454 1436
455 1459
456 1440
457 1468
458 1449
459 1481
460 1456
461 1472
462 1406
463 1526
464 1457
465 1379
466 1443
467 1526
468 1412
469 1423
470 1433
471 1439
472 1516
473 1496
474 1433
475 1476
476 1460
477 1372
478 1429
479 1490
480 1402
481 1479
482 1466
483 1432
484 1447
485 1436
486 1439
487 1479
488 1478
489 1446
490 1454
491 1516
492 1453
493 1477
494 1446
495 1484
496 1387
497 1477
498 1399
499 1400