396
396
396
396
396
402
402
402
402
402
402
412
412
412
412
412
407
407
407
407
407
431
431
431
431
431
431
406
406
406
406
406
415
415
415
415
415
406
406
406
406
406
406
407
407
407
407
407
401
401
401
401
401
403
403
403
403
403
403
425
425
425
425
425
397
397
397
397
397
390
390
390
390
390
390
417
417
417
417
417
423
423
423
423
423
410
410
410
410
410
410
407
407
407
407
407
426
426
426
426
426
412
412
412
412
412
412
416
416
416
416
416
414
414
414
414
414
406
406
406
406
406
406
410
410
410
410
410
408
408
408
408
408
412
412
412
412
412
412
401
401
401
401
401
430
430
430
430
430
403
403
403
403
403
403
397
397
397
397
397
416
416
416
416
416
411
411
411
411
411
411
413
413
413
413
413
414
414
414
414
414
405
405
405
405
405
405
396
396
396
396
396
399
399
399
399
399
408
408
408
408
408
408
407
407
407
407
407
416
416
416
416
416
398
398
398
398
398
398
415
415
415
415
415
412
412
412
412
412
410
410
410
410
410
410
416
416
416
416
416
425
425
425
425
425
398
398
398
398
398
398
408
408
408
408
408
400
400
400
400
400
414
414
414
414
414
414
419
419
419
419
419
407
407
407
407
407
415
415
415
415
415
415
420
420
420
420
420
387
387
387
387
387
400
400
400
400
400
400
404
404
404
404
404
402
402
402
402
402
391
391
391
391
391
391
393
393
393
393
393
406
406
406
406
406
418
418
418
418
418
418
411
411
411
411
411
418
418
418
418
418
400
400
400
400
400
400
424
424
424
424
424
410
410
410
410
410
407
407
407
407
407
407
415
415
415
415
415
400
400
400
400
400
400
400
400
400
400
400
420
420
420
420
420
419
419
419
419
419
401
401
401
401
401
401
418
418
418
418
418
403
403
403
403
403
400
400
400
400
400
400
415
415
415
415
415
410
410
410
410
410
385
385
385
385
385
385
411
411
411
411
411
399
399
399
399
399
408
408
408
408
408
408
399
399
399
399
399
413
413
413
413
413
413
413
413
413
413
413
421
421
421
421
421
433
433
433
433
433
401
401
401
401
401
401
386
386
386
386
386
410
410
410
410
410
426
426
426
426
426
426
396
396
396
396
396
418
418
418
418
418
421
421
421
421
421
421
411
411
411
411
411
417
417
417
417
417
424
424
424
424
424
424
409
409
409
409
409
408
408
408
408
408
401
401
401
401
401
401
417
417
417
417
417
391
391
391
391
391
411
411
411
411
411
411
403
403
403
403
403
421
421
421
421
421
402
402
402
402
402
402
414
414
414
414
414
403
403
403
403
403
407
407
407
407
407
407
427
427
427
427
427
429
429
429
429
429
390
390
390
390
390
390
409
409
409
409
409
403
403
403
403
403
400
400
400
400
400
400
398
398
398
398
398
406
406
406
406
406
408
408
408
408
408
408
422
422
422
422
422
403
403
403
403
403
420
420
420
420
420
420
397
397
397
397
397
414
414
414
414
414
395
395
395
395
395
395
411
411
411
411
411
410
410
410
410
410
409
409
409
409
409
409
428
428
428
428
428
431
431
431
431
431
402
402
402
402
402
402
404
404
404
404
404
404
404
404
404
404
402
402
402
402
402
402
415
415
415
415
415
408
408
408
408
408
393
393
393
393
393
393
433
433
433
433
433
422
422
422
422
422
415
415
415
415
415
415
424
424
424
424
424
419
419
419
419
419
397
397
397
397
397
397
396
396
396
396
396
406
406
406
406
406
411
411
411
411
411
411
408
408
408
408
408
413
413
413
413
413
405
405
405
405
405
405
399
399
399
399
399
417
417
417
417
417
406
406
406
406
406
406
421
421
421
421
421
400
400
400
400
400
421
421
421
421
421
421
415
415
415
415
415
405
405
405
405
405
416
416
416
416
416
416
412
412
412
412
412
414
414
414
414
414
422
422
422
422
422
422
410
410
410
410
410
424
424
424
424
424
399
399
399
399
399
399
411
411
411
411
411
404
404
404
404
404
426
426
426
426
426
426
402
402
402
402
402
418
418
418
418
418
426
426
426
426
426
426
405
405
405
405
405
406
406
406
406
406
396
396
396
396
396
396
404
404
404
404
404
402
402
402
402
402
406
406
406
406
406
406
417
417
417
417
417
431
431
431
431
431
390
390
390
390
390
390
403
403
403
403
403
394
394
394
394
394
421
421
421
421
421
421
407
407
407
407
407
414
414
414
414
414
405
405
405
405
405
405
400
400
400
400
400
405
405
405
405
405
402
402
402
402
402
402
408
408
408
408
408
419
419
419
419
419
413
413
413
413
413
413
406
406
406
406
406
403
403
403
403
403
429
429
429
429
429
429
405
405
405
405
405
414
414
414
414
414
417
417
417
417
417
417
417
417
417
417
417
410
410
410
410
410
412
412
412
412
412
412
403
403
403
403
403
402
402
402
402
402
415
415
415
415
415
415
408
408
408
408
408
427
427
427
427
427
410
410
410
410
410
410
423
423
423
423
423
417
417
417
417
417
398
398
398
398
398
398
410
410
410
410
410
394
394
394
394
394
413
413
413
413
413
413
405
405
405
405
405
396
396
396
396
396
401
401
401
401
401
401
392
392
392
392
392
401
401
401
401
401
422
422
422
422
422
422
411
411
411
411
411
415
415
415
415
415
391
391
391
391
391
391
419
419
419
419
419
405
405
405
405
405
414
414
414
414
414
414
408
408
408
408
408
425
425
425
425
425
412
412
412
412
412
412
405
405
405
405
405
413
413
413
413
413
407
407
407
407
407
407
413
413
413
413
413
390
390
390
390
390
410
410
410
410
410
410
401
401
401
401
401
402
402
402
402
402
418
418
418
418
418
418
419
419
419
419
419
412
412
412
412
412
397
397
397
397
397
397
409
409
409
409
409
397
397
397
397
397
423
423
423
423
423
423
420
420
420
420
420
406
406
406
406
406
398
398
398
398
398
398
401
401
401
401
401
414
414
414
414
414
426
426
426
426
426
426
412
412
412
412
412
427
427
427
427
427
395
395
395
395
395
395
405
405
405
405
405
411
411
411
411
411
396
396
396
396
396
396
403
403
403
403
403
393
393
393
393
393
403
403
403
403
403
403
386
386
386
386
386
397
397
397
397
397
418
418
418
418
418
418
413
413
413
413
413
427
427
427
427
427
414
414
414
414
414
414
407
407
407
407
407
419
419
419
419
419
406
406
406
406
406
406
413
413
413
413
413
415
415
415
415
415
401
401
401
401
401
401
403
403
403
403
403
415
415
415
415
415
415
415
415
415
415
415
411
411
411
411
411
416
416
416
416
416
412
412
412
412
412
412
412
412
412
412
412
407
407
407
407
407
415
415
415
415
415
415
410
410
410
410
410
411
411
411
411
411
397
397
397
397
397
397
418
418
418
418
418
414
414
414
414
414
415
415
415
415
415
415
399
399
399
399
399
412
412
412
412
412
397
397
397
397
397
397
398
398
398
398
398
400
400
400
400
400
415
415
415
415
415
415
397
397
397
397
397
407
407
407
407
407
391
391
391
391
391
391
404
404
404
404
404
406
406
406
406
406
419
419
419
419
419
419
403
403
403
403
403
424
424
424
424
424
408
408
408
408
408
408
414
414
414
414
414
408
408
408
408
408
403
403
403
403
403
403
407
407
407
407
407
400
400
400
400
400
401
401
401
401
401
401
401
401
401
401
401
417
417
417
417
417
407
407
407
407
407
407
421
421
421
421
421
405
405
405
405
405
399
399
399
399
399
399
408
408
408
408
408
405
405
405
405
405
414
414
414
414
414
414
406
406
406
406
406
430
430
430
430
430
400
400
400
400
400
400
393
393
393
393
393
413
413
413
413
413
402
402
402
402
402
402
401
401
401
401
401
400
400
400
400
400
402
402
402
402
402
402
419
419
419
419
419
394
394
394
394
394
408
408
408
408
408
408
413
413
413
413
413
412
412
412
412
412
414
414
414
414
414
414
422
422
422
422
422
409
409
409
409
409
417
417
417
417
417
417
389
389
389
389
389
410
410
410
410
410
411
411
411
411
411
411
425
425
425
425
425
387
387
387
387
387
407
407
407
407
407
407
401
401
401
401
401
409
409
409
409
409
394
394
394
394
394
394
412
412
412
412
412
413
413
413
413
413
410
410
410
410
410
410
420
420
420
420
420
401
401
401
401
401
405
405
405
405
405
405
415
415
415
415
415
420
420
420
420
420
416
416
416
416
416
416
419
419
419
419
419
388
388
388
388
388
419
419
419
419
419
419
395
395
395
395
395
400
400
400
400
400
416
416
416
416
416
416
415
415
415
415
415
420
420
420
420
420
409
409
409
409
409
409
417
417
417
417
417
408
408
408
408
408
411
411
411
411
411
411
394
394
394
394
394
414
414
414
414
414
409
409
409
409
409
409
412
412
412
412
412
405
405
405
405
405
411
411
411
411
411
411
391
391
391
391
391
409
409
409
409
409
392
392
392
392
392
392
395
395
395
395
395
436
436
436
436
436
391
391
391
391
391
391
417
417
417
417
417
408
408
408
408
408
387
387
387
387
387
387
420
420
420
420
420
402
402
402
402
402
412
412
412
412
412
412
392
392
392
392
392
404
404
404
404
404
404
404
404
404
404
404
416
416
416
416
416
402
402
402
402
402
419
419
419
419
419
419
431
431
431
431
431
407
407
407
407
407
422
422
422
422
422
422
415
415
415
415
415
407
407
407
407
407
411
411
411
411
411
411
416
416
416
416
416
393
393
393
393
393
417
417
417
417
417
417
377
377
377
377
377
398
398
398
398
398
396
396
396
396
396
396
389
389
389
389
389
391
391
391
391
391
390
390
390
390
390
390
404
404
404
404
404
411
411
411
411
411
401
401
401
401
401
401
390
390
390
390
390
389
389
389
389
389
389
389
389
389
389
389
408
408
408
408
408
397
397
397
397
397
401
401
401
401
401
401
414
414
414
414
414
390
390
390
390
390
388
388
388
388
388
388
377
377
377
377
377
393
393
393
393
393
388
388
388
388
388
388
374
374
374
374
374
384
384
384
384
384
357
357
357
357
357
357
367
367
367
367
367
377
377
377
377
377
344
344
344
344
344
344
350
350
350
350
350
355
355
355
355
355
359
359
359
359
359
359
344
344
344
344
344
357
357
357
357
357
347
347
347
347
347
347
352
352
352
352
352
358
358
358
358
358
339
339
339
339
339
339
343
343
343
343
343
354
354
354
354
354
358
358
358
358
358
358
349
349
349
349
349
357
357
357
357
357
354
354
354
354
354
354
357
357
357
357
357
349
349
349
349
349
339
339
339
339
339
339
352
352
352
352
352
345
345
345
345
345
364
364
364
364
364
364
384
384
384
384
384
440
440
440
440
440
564
564
564
564
564
564
1008
1008
1008
1008
1008
1526
1526
1526
1526
1526
2025
2025
2025
2025
2025
2025
2281
2281
2281
2281
2281
2398
2398
2398
2398
2398
2382
2382
2382
2382
2382
2382
2248
2248
2248
2248
2248
1848
1848
1848
1848
1848
1192
1192
1192
1192
1192
1192
549
549
549
549
549
387
387
387
387
387
334
334
334
334
334
334
324
324
324
324
324
304
304
304
304
304
314
314
314
314
314
314
303
303
303
303
303
321
321
321
321
321
339
339
339
339
339
339
376
376
376
376
376
429
429
429
429
429
622
622
622
622
622
622
1050
1050
1050
1050
1050
1403
1403
1403
1403
1403
1620
1620
1620
1620
1620
1620
1727
1727
1727
1727
1727
1706
1706
1706
1706
1706
1504
1504
1504
1504
1504
1504
1137
1137
1137
1137
1137
743
743
743
743
743
457
457
457
457
457
457
399
399
399
399
399
346
346
346
346
346
331
331
331
331
331
331
320
320
320
320
320
317
317
317
317
317
315
315
315
315
315
315
324
324
324
324
324
324
324
324
324
324
335
335
335
335
335
335
346
346
346
346
346
363
363
363
363
363
360
360
360
360
360
360
381
381
381
381
381
363
363
363
363
363
391
391
391
391
391
391
401
401
401
401
401
400
400
400
400
400
441
441
441
441
441
441
472
472
472
472
472
538
538
538
538
538
663
663
663
663
663
663
813
813
813
813
813
915
915
915
915
915
909
909
909
909
909
909
834
834
834
834
834
696
696
696
696
696
567
567
567
567
567
567
479
479
479
479
479
447
447
447
447
447
444
444
444
444
444
444
411
411
411
411
411
455
455
455
455
455
469
469
469
469
469
469
534
534
534
534
534
752
752
752
752
752
993
993
993
993
993
993
1220
1220
1220
1220
1220
1507
1507
1507
1507
1507
1729
1729
1729
1729
1729
1729
1936
1936
1936
1936
1936
2049
2049
2049
2049
2049
2077
2077
2077
2077
2077
2077
2068
2068
2068
2068
2068
1940
1940
1940
1940
1940
1727
1727
1727
1727
1727
1727
1381
1381
1381
1381
1381
1031
1031
1031
1031
1031
688
688
688
688
688
688
488
488
488
488
488
427
427
427
427
427
390
390
390
390
390
390
363
363
363
363
363
371
371
371
371
371
380
380
380
380
380
380
395
395
395
395
395
431
431
431
431
431
469
469
469
469
469
469
537
537
537
537
537
579
579
579
579
579
592
592
592
592
592
592
533
533
533
533
533
473
473
473
473
473
445
445
445
445
445
445
384
384
384
384
384
381
381
381
381
381
345
345
345
345
345
345
338
338
338
338
338
326
326
326
326
326
315
315
315
315
315
315
313
313
313
313
313
330
330
330
330
330
335
335
335
335
335
335
309
309
309
309
309
318
318
318
318
318
323
323
323
323
323
323
328
328
328
328
328
340
340
340
340
340
348
348
348
348
348
348
354
354
354
354
354
367
367
367
367
367
379
379
379
379
379
379
369
369
369
369
369
372
372
372
372
372
374
374
374
374
374
374
389
389
389
389
389
382
382
382
382
382
382
382
382
382
382
382
373
373
373
373
373
385
385
385
385
385
382
382
382
382
382
382
390
390
390
390
390
373
373
373
373
373
413
413
413
413
413
413
446
446
446
446
446
443
443
443
443
443
442
442
442
442
442
442
454
454
454
454
454
489
489
489
489
489
526
526
526
526
526
526
519
519
519
519
519
550
550
550
550
550
498
498
498
498
498
498
491
491
491
491
491
453
453
453
453
453
420
420
420
420
420
420
399
399
399
399
399
395
395
395
395
395
384
384
384
384
384
384
358
358
358
358
358
364
364
364
364
364
348
348
348
348
348
348
355
355
355
355
355
354
354
354
354
354
354
354
354
354
354
354
361
361
361
361
361
364
364
364
364
364
375
375
375
375
375
375
374
374
374
374
374
370
370
370
370
370
374
374
374
374
374
374
375
375
375
375
375
359
359
359
359
359
354
354
354
354
354
354
365
365
365
365
365
350
350
350
350
350
354
354
354
354
354
354
354
354
354
354
354
359
359
359
359
359
358
358
358
358
358
358
342
342
342
342
342
347
347
347
347
347
341
341
341
341
341
341
341
341
341
341
341
342
342
342
342
342
335
335
335
335
335
335
336
336
336
336
336
330
330
330
330
330
327
327
327
327
327
327
332
332
332
332
332
333
333
333
333
333
343
343
343
343
343
343
339
339
339
339
339
353
353
353
353
353
379
379
379
379
379
379
383
383
383
383
383
402
402
402
402
402
447
447
447
447
447
447
482
482
482
482
482
549
549
549
549
549
594
594
594
594
594
594
634
634
634
634
634
590
590
590
590
590
643
643
643
643
643
643
632
632
632
632
632
672
672
672
672
672
728
728
728
728
728
728
799
799
799
799
799
843
843
843
843
843
887
887
887
887
887
887
849
849
849
849
849
769
769
769
769
769
665
665
665
665
665
665
576
576
576
576
576
483
483
483
483
483
451
451
451
451
451
451
424
424
424
424
424
414
414
414
414
414
395
395
395
395
395
395
403
403
403
403
403
388
388
388
388
388
388
388
388
388
388
388
404
404
404
404
404
400
400
400
400
400
410
410
410
410
410
410
438
438
438
438
438
423
423
423
423
423
435
435
435
435
435
435
426
426
426
426
426
426
426
426
426
426
422
422
422
422
422
422
396
396
396
396
396
400
400
400
400
400
409
409
409
409
409
409
385
385
385
385
385
376
376
376
376
376
374
374
374
374
374
374
367
367
367
367
367
367
367
367
367
367
358
358
358
358
358
358
347
347
347
347
347
347
347
347
347
347
334
334
334
334
334
334
344
344
344
344
344
333
333
333
333
333
349
349
349
349
349
349
346
346
346
346
346
369
369
369
369
369
360
360
360
360
360
360
376
376
376
376
376
394
394
394
394
394
436
436
436
436
436
436
493
493
493
493
493
547
547
547
547
547
581
581
581
581
581
581
572
572
572
572
572
573
573
573
573
573
523
523
523
523
523
523
493
493
493
493
493
465
465
465
465
465
446
446
446
446
446
446
458
458
458
458
458
457
457
457
457
457
466
466
466
466
466
466
515
515
515
515
515
549
549
549
549
549
651
651
651
651
651
651
726
726
726
726
726
841
841
841
841
841
970
970
970
970
970
970
1021
1021
1021
1021
1021
1028
1028
1028
1028
1028
1023
1023
1023
1023
1023
1023
1009
1009
1009
1009
1009
969
969
969
969
969
875
875
875
875
875
875
770
770
770
770
770
682
682
682
682
682
609
609
609
609
609
609
537
537
537
537
537
483
483
483
483
483
456
456
456
456
456
456
462
462
462
462
462
429
429
429
429
429
451
451
451
451
451
451
447
447
447
447
447
447
447
447
447
447
451
451
451
451
451
451
447
447
447
447
447
444
444
444
444
444
452
452
452
452
452
452
447
447
447
447
447
433
433
433
433
433
447
447
447
447
447
447
410
410
410
410
410
384
384
384
384
384
412
412
412
412
412
412
410
410
410
410
410
395
395
395
395
395
391
391
391
391
391
391
388
388
388
388
388
358
358
358
358
358
387
387
387
387
387
387
364
364
364
364
364
371
371
371
371
371
370
370
370
370
370
370
364
364
364
364
364
377
377
377
377
377
367
367
367
367
367
367
389
389
389
389
389
403
403
403
403
403
383
383
383
383
383
383
395
395
395
395
395
408
408
408
408
408
406
406
406
406
406
406
427
427
427
427
427
397
397
397
397
397
405
405
405
405
405
405
397
397
397
397
397
420
420
420
420
420
423
423
423
423
423
423
418
418
418
418
418
427
427
427
427
427
431
431
431
431
431
431
420
420
420
420
420
444
444
444
444
444
479
479
479
479
479
479
432
432
432
432
432
467
467
467
467
467
461
461
461
461
461
461
453
453
453
453
453
430
430
430
430
430
456
456
456
456
456
456
456
456
456
456
456
447
447
447
447
447
424
424
424
424
424
424
428
428
428
428
428
420
420
420
420
420
433
433
433
433
433
433
448
448
448
448
448
448
448
448
448
448
435
435
435
435
435
435
417
417
417
417
417
410
410
410
410
410
418
418
418
418
418
418
399
399
399
399
399
395
395
395
395
395
378
378
378
378
378
378
375
375
375
375
375
377
377
377
377
377
375
375
375
375
375
375
383
383
383
383
383
386
386
386
386
386
393
393
393
393
393
393
398
398
398
398
398
411
411
411
411
411
395
395
395
395
395
395
390
390
390
390
390
406
406
406
406
406
392
392
392
392
392
392
370
370
370
370
370
366
366
366
366
366
355
355
355
355
355
355
351
351
351
351
351
375
375
375
375
375
357
357
357
357
357
357
357
357
357
357
357
359
359
359
359
359
355
355
355
355
355
355
364
364
364
364
364
362
362
362
362
362
386
386
386
386
386
386
376
376
376
376
376
359
359
359
359
359
382
382
382
382
382
382
388
388
388
388
388
383
383
383
383
383
395
395
395
395
395
395
379
379
379
379
379
381
381
381
381
381
376
376
376
376
376
376
367
367
367
367
367
370
370
370
370
370
373
373
373
373
373
373
379
379
379
379
379
359
359
359
359
359
396
396
396
396
396
396
390
390
390
390
390
384
384
384
384
384
392
392
392
392
392
392
386
386
386
386
386
375
375
375
375
375
370
370
370
370
370
370
380
380
380
380
380
371
371
371
371
371
372
372
372
372
372
372
370
370
370
370
370
365
365
365
365
365
372
372
372
372
372
372
381
381
381
381
381
368
368
368
368
368
392
392
392
392
392
392
370
370
370
370
370
407
407
407
407
407
388
388
388
388
388
388
398
398
398
398
398
392
392
392
392
392
394
394
394
394
394
394
407
407
407
407
407
403
403
403
403
403
404
404
404
404
404
404
401
401
401
401
401
396
396
396
396
396
421
421
421
421
421
421
405
405
405
405
405
399
399
399
399
399
404
404
404
404
404
404
393
393
393
393
393
428
428
428
428
428
402
402
402
402
402
402
413
413
413
413
413
401
401
401
401
401
421
421
421
421
421
421
429
429
429
429
429
444
444
444
444
444
437
437
437
437
437
437
443
443
443
443
443
464
464
464
464
464
436
436
436
436
436
436
438
438
438
438
438
426
426
426
426
426
422
422
422
422
422
422
416
416
416
416
416
426
426
426
426
426
418
418
418
418
418
418
423
423
423
423
423
433
433
433
433
433
451
451
451
451
451
451
442
442
442
442
442
460
460
460
460
460
456
456
456
456
456
456
459
459
459
459
459
446
446
446
446
446
493
493
493
493
493
493
446
446
446
446
446
468
468
468
468
468
444
444
444
444
444
444
464
464
464
464
464
455
455
455
455
455
462
462
462
462
462
462
454
454
454
454
454
448
448
448
448
448
449
449
449
449
449
449
453
453
453
453
453
454
454
454
454
454
461
461
461
461
461
461
463
463
463
463
463
459
459
459
459
459
448
448
448
448
448
448
435
435
435
435
435
482
482
482
482
482
455
455
455
455
455
455
441
441
441
441
441
432
432
432
432
432
448
448
448
448
448
448
448
448
448
448
448
442
442
442
442
442
452
452
452
452
452
452
473
473
473
473
473
485
485
485
485
485
459
459
459
459
459
459
466
466
466
466
466
472
472
472
472
472
447
447
447
447
447
447
448
448
448
448
448
409
409
409
409
409
425
425
425
425
425
425
416
416
416
416
416
405
405
405
405
405
417
417
417
417
417
417
416
416
416
416
416
399
399
399
399
399
423
423
423
423
423
423
423
423
423
423
423
420
420
420
420
420
418
418
418
418
418
418
412
412
412
412
412
405
405
405
405
405
419
419
419
419
419
419
412
412
412
412
412
411
411
411
411
411
398
398
398
398
398
398
393
393
393
393
393
392
392
392
392
392
380
380
380
380
380
380
398
398
398
398
398
403
403
403
403
403
400
400
400
400
400
400
391
391
391
391
391
386
386
386
386
386
405
405
405
405
405
405
402
402
402
402
402
401
401
401
401
401
397
397
397
397
397
397
399
399
399
399
399
386
386
386
386
386
401
401
401
401
401
401
395
395
395
395
395
402
402
402
402
402
407
407
407
407
407
407
413
413
413
413
413
421
421
421
421
421
393
393